,mean_fit_time,std_fit_time,mean_score_time,std_score_time,param_C,param_kernel,param_max_iter,param_gamma,params,split0_test_score,split1_test_score,split2_test_score,split3_test_score,split4_test_score,split5_test_score,split6_test_score,split7_test_score,split8_test_score,mean_test_score,std_test_score,rank_test_score,split0_train_score,split1_train_score,split2_train_score,split3_train_score,split4_train_score,split5_train_score,split6_train_score,split7_train_score,split8_train_score,mean_train_score,std_train_score
0,0.0008723735809326172,0.00011589906177261485,0.0003834300571017795,5.4896567752309444e-05,0.01,linear,100000,,"{'C': 0.01, 'kernel': 'linear', 'max_iter': 100000}",0.5833333333333334,0.5833333333333334,0.5833333333333334,0.5833333333333334,0.5833333333333334,0.5833333333333334,0.5833333333333334,0.6666666666666666,0.6666666666666666,0.6018518518518519,0.03464497580346239,13,0.6041666666666666,0.6041666666666666,0.6041666666666666,0.6041666666666666,0.6041666666666666,0.6041666666666666,0.6041666666666666,0.59375,0.59375,0.6018518518518517,0.004330621975432787
1,0.0012585851881239149,0.0001979098391710674,0.00037550926208496094,6.017223951090758e-05,1.0,linear,100000,,"{'C': 1.0, 'kernel': 'linear', 'max_iter': 100000}",0.6666666666666666,0.75,0.8333333333333334,0.5833333333333334,0.6666666666666666,0.5833333333333334,0.5833333333333334,0.6666666666666666,0.6666666666666666,0.6666666666666666,0.07856742013183861,2,0.71875,0.71875,0.7083333333333334,0.75,0.7291666666666666,0.75,0.7395833333333334,0.7291666666666666,0.7395833333333334,0.7314814814814814,0.013694629127545406
2,0.02715521388583713,0.004380372953087517,0.0004680421617296007,3.70794242415739e-05,100.0,linear,100000,,"{'C': 100.0, 'kernel': 'linear', 'max_iter': 100000}",0.5833333333333334,0.6666666666666666,0.75,0.6666666666666666,0.6666666666666666,0.5833333333333334,0.6666666666666666,0.75,0.6666666666666666,0.6666666666666666,0.055555555555555546,2,0.8125,0.78125,0.8125,0.8229166666666666,0.8020833333333334,0.8125,0.78125,0.7916666666666666,0.7291666666666666,0.7939814814814814,0.026795918756458863
3,0.07975877655877008,0.0027667868954442533,0.00046785672505696613,2.2006377824448264e-05,10000.0,linear,100000,,"{'C': 10000.0, 'kernel': 'linear', 'max_iter': 100000}",0.5833333333333334,0.5833333333333334,0.75,0.4166666666666667,0.25,0.75,0.4166666666666667,0.8333333333333334,0.5,0.5648148148148149,0.17906555190568257,52,0.4479166666666667,0.7708333333333334,0.6458333333333334,0.6041666666666666,0.46875,0.59375,0.6145833333333334,0.6145833333333334,0.40625,0.5740740740740741,0.10729609893358139
4,0.08427315288119847,0.0026354293360015394,0.0004915131462944879,2.3101903542563412e-05,1000000.0,linear,100000,,"{'C': 1000000.0, 'kernel': 'linear', 'max_iter': 100000}",0.5,0.5833333333333334,0.5,0.5833333333333334,0.6666666666666666,0.4166666666666667,0.4166666666666667,0.3333333333333333,0.4166666666666667,0.49074074074074076,0.09972527420619451,54,0.6145833333333334,0.6354166666666666,0.625,0.625,0.65625,0.65625,0.5833333333333334,0.4895833333333333,0.625,0.6122685185185186,0.048056804379691426
5,0.08328194088406032,0.004401770384641483,0.00048345989651150175,3.7159112318134856e-05,100000000.0,linear,100000,,"{'C': 100000000.0, 'kernel': 'linear', 'max_iter': 100000}",0.5,0.5833333333333334,0.5,0.5833333333333334,0.6666666666666666,0.4166666666666667,0.4166666666666667,0.3333333333333333,0.4166666666666667,0.49074074074074076,0.09972527420619451,54,0.6145833333333334,0.6354166666666666,0.625,0.625,0.65625,0.65625,0.5833333333333334,0.4895833333333333,0.625,0.6122685185185186,0.048056804379691426
6,0.08404244316948785,0.004531927225271714,0.0005792511834038629,0.00011872442563431284,10000000000.0,linear,100000,,"{'C': 10000000000.0, 'kernel': 'linear', 'max_iter': 100000}",0.5,0.5833333333333334,0.5,0.5833333333333334,0.6666666666666666,0.4166666666666667,0.4166666666666667,0.3333333333333333,0.4166666666666667,0.49074074074074076,0.09972527420619451,54,0.6145833333333334,0.6354166666666666,0.625,0.625,0.65625,0.65625,0.5833333333333334,0.4895833333333333,0.625,0.6122685185185186,0.048056804379691426
7,0.0008682145012749566,2.3851422169341876e-05,0.00039511256747775606,2.69453496190207e-06,0.01,rbf,100000,1e-09,"{'C': 0.01, 'gamma': 1e-09, 'kernel': 'rbf', 'max_iter': 100000}",0.5833333333333334,0.5833333333333334,0.5833333333333334,0.5833333333333334,0.5833333333333334,0.5833333333333334,0.5833333333333334,0.6666666666666666,0.6666666666666666,0.6018518518518519,0.03464497580346239,13,0.6041666666666666,0.6041666666666666,0.6041666666666666,0.6041666666666666,0.6041666666666666,0.6041666666666666,0.6041666666666666,0.59375,0.59375,0.6018518518518517,0.004330621975432787
8,0.0008784929911295573,6.700905340523414e-05,0.0003961192237006293,1.007527258964995e-05,0.01,rbf,100000,1e-07,"{'C': 0.01, 'gamma': 1e-07, 'kernel': 'rbf', 'max_iter': 100000}",0.5833333333333334,0.5833333333333334,0.5833333333333334,0.5833333333333334,0.5833333333333334,0.5833333333333334,0.5833333333333334,0.6666666666666666,0.6666666666666666,0.6018518518518519,0.03464497580346239,13,0.6041666666666666,0.6041666666666666,0.6041666666666666,0.6041666666666666,0.6041666666666666,0.6041666666666666,0.6041666666666666,0.59375,0.59375,0.6018518518518517,0.004330621975432787
9,0.0008730623457166883,2.577064656778973e-05,0.000408278571234809,1.9184462277026464e-05,0.01,rbf,100000,1e-05,"{'C': 0.01, 'gamma': 1e-05, 'kernel': 'rbf', 'max_iter': 100000}",0.5833333333333334,0.5833333333333334,0.5833333333333334,0.5833333333333334,0.5833333333333334,0.5833333333333334,0.5833333333333334,0.6666666666666666,0.6666666666666666,0.6018518518518519,0.03464497580346239,13,0.6041666666666666,0.6041666666666666,0.6041666666666666,0.6041666666666666,0.6041666666666666,0.6041666666666666,0.6041666666666666,0.59375,0.59375,0.6018518518518517,0.004330621975432787
10,0.0008765326605902778,2.884177517335351e-05,0.0004030863444010417,1.2462297227982707e-05,0.01,rbf,100000,0.001,"{'C': 0.01, 'gamma': 0.001, 'kernel': 'rbf', 'max_iter': 100000}",0.5833333333333334,0.5833333333333334,0.5833333333333334,0.5833333333333334,0.5833333333333334,0.5833333333333334,0.5833333333333334,0.6666666666666666,0.6666666666666666,0.6018518518518519,0.03464497580346239,13,0.6041666666666666,0.6041666666666666,0.6041666666666666,0.6041666666666666,0.6041666666666666,0.6041666666666666,0.6041666666666666,0.59375,0.59375,0.6018518518518517,0.004330621975432787
11,0.0009139908684624566,3.894707115788422e-05,0.0004134707980685764,2.413955317453115e-05,0.01,rbf,100000,0.1,"{'C': 0.01, 'gamma': 0.1, 'kernel': 'rbf', 'max_iter': 100000}",0.5833333333333334,0.5833333333333334,0.5833333333333334,0.5833333333333334,0.5833333333333334,0.5833333333333334,0.5833333333333334,0.6666666666666666,0.6666666666666666,0.6018518518518519,0.03464497580346239,13,0.6041666666666666,0.6041666666666666,0.6041666666666666,0.6041666666666666,0.6041666666666666,0.6041666666666666,0.6041666666666666,0.59375,0.59375,0.6018518518518517,0.004330621975432787
12,0.0016509162055121528,0.001639497024130904,0.0004298422071668837,1.5190939108494589e-05,0.01,rbf,100000,10.0,"{'C': 0.01, 'gamma': 10.0, 'kernel': 'rbf', 'max_iter': 100000}",0.5833333333333334,0.5833333333333334,0.5833333333333334,0.5833333333333334,0.5833333333333334,0.5833333333333334,0.5833333333333334,0.6666666666666666,0.6666666666666666,0.6018518518518519,0.03464497580346239,13,0.6041666666666666,0.6041666666666666,0.6041666666666666,0.6041666666666666,0.6041666666666666,0.6041666666666666,0.6041666666666666,0.59375,0.59375,0.6018518518518517,0.004330621975432787
13,0.0010548167758517796,5.645390574727261e-05,0.0005143748389350043,0.0002435302884774413,0.01,rbf,100000,1000.0,"{'C': 0.01, 'gamma': 1000.0, 'kernel': 'rbf', 'max_iter': 100000}",0.5833333333333334,0.5833333333333334,0.5833333333333334,0.5833333333333334,0.5833333333333334,0.5833333333333334,0.5833333333333334,0.6666666666666666,0.6666666666666666,0.6018518518518519,0.03464497580346239,13,0.6041666666666666,0.6041666666666666,0.6041666666666666,0.6041666666666666,0.6041666666666666,0.6041666666666666,0.6041666666666666,0.59375,0.59375,0.6018518518518517,0.004330621975432787
14,0.0008478694491916233,1.7825951200997995e-05,0.00039458274841308594,3.6384338195354452e-06,1.0,rbf,100000,1e-09,"{'C': 1.0, 'gamma': 1e-09, 'kernel': 'rbf', 'max_iter': 100000}",0.5833333333333334,0.5833333333333334,0.5833333333333334,0.5833333333333334,0.5833333333333334,0.5833333333333334,0.5833333333333334,0.6666666666666666,0.6666666666666666,0.6018518518518519,0.03464497580346239,13,0.6041666666666666,0.6041666666666666,0.6041666666666666,0.6041666666666666,0.6041666666666666,0.6041666666666666,0.6041666666666666,0.59375,0.59375,0.6018518518518517,0.004330621975432787
15,0.0008774068620469836,3.0259534120252434e-05,0.0004039340549045139,7.377528342509115e-06,1.0,rbf,100000,1e-07,"{'C': 1.0, 'gamma': 1e-07, 'kernel': 'rbf', 'max_iter': 100000}",0.5833333333333334,0.5833333333333334,0.5833333333333334,0.5833333333333334,0.5833333333333334,0.5833333333333334,0.5833333333333334,0.6666666666666666,0.6666666666666666,0.6018518518518519,0.03464497580346239,13,0.6041666666666666,0.6041666666666666,0.6041666666666666,0.6041666666666666,0.6041666666666666,0.6041666666666666,0.6041666666666666,0.59375,0.59375,0.6018518518518517,0.004330621975432787
16,0.0008836057451036242,1.8767863521672043e-05,0.00041355027092827693,2.8689176441717362e-05,1.0,rbf,100000,1e-05,"{'C': 1.0, 'gamma': 1e-05, 'kernel': 'rbf', 'max_iter': 100000}",0.5833333333333334,0.5833333333333334,0.5833333333333334,0.5833333333333334,0.5833333333333334,0.5833333333333334,0.5833333333333334,0.6666666666666666,0.6666666666666666,0.6018518518518519,0.03464497580346239,13,0.6041666666666666,0.6041666666666666,0.6041666666666666,0.6041666666666666,0.6041666666666666,0.6041666666666666,0.6041666666666666,0.59375,0.59375,0.6018518518518517,0.004330621975432787
17,0.0009036858876546224,1.1175477939337726e-05,0.0004056029849582248,4.015979582019639e-06,1.0,rbf,100000,0.001,"{'C': 1.0, 'gamma': 0.001, 'kernel': 'rbf', 'max_iter': 100000}",0.5833333333333334,0.5833333333333334,0.5833333333333334,0.5833333333333334,0.5833333333333334,0.5833333333333334,0.5833333333333334,0.6666666666666666,0.6666666666666666,0.6018518518518519,0.03464497580346239,13,0.6041666666666666,0.6041666666666666,0.6041666666666666,0.6041666666666666,0.6041666666666666,0.6041666666666666,0.6041666666666666,0.59375,0.59375,0.6018518518518517,0.004330621975432787
18,0.0009330113728841146,2.383258427296653e-05,0.00040785471598307293,3.6280035052341865e-06,1.0,rbf,100000,0.1,"{'C': 1.0, 'gamma': 0.1, 'kernel': 'rbf', 'max_iter': 100000}",0.5,0.75,0.75,0.5833333333333334,0.5,0.6666666666666666,0.6666666666666666,0.6666666666666666,0.5,0.6203703703703705,0.09711193038612514,8,0.7604166666666666,0.6875,0.71875,0.75,0.7604166666666666,0.78125,0.71875,0.7083333333333334,0.7395833333333334,0.736111111111111,0.028208466682763743
19,0.001125335693359375,3.68455925259468e-05,0.00043463706970214844,1.2938220612188162e-05,1.0,rbf,100000,10.0,"{'C': 1.0, 'gamma': 10.0, 'kernel': 'rbf', 'max_iter': 100000}",0.5833333333333334,0.5833333333333334,0.5833333333333334,0.5833333333333334,0.5833333333333334,0.5833333333333334,0.5833333333333334,0.6666666666666666,0.6666666666666666,0.6018518518518519,0.03464497580346239,13,1.0,1.0,1.0,1.0,1.0,1.0,1.0,1.0,1.0,1.0,0.0
20,0.0011056529151068793,1.541532218674329e-05,0.0004280673133002387,4.997460577872335e-06,1.0,rbf,100000,1000.0,"{'C': 1.0, 'gamma': 1000.0, 'kernel': 'rbf', 'max_iter': 100000}",0.5833333333333334,0.5833333333333334,0.5833333333333334,0.5833333333333334,0.5833333333333334,0.5833333333333334,0.5833333333333334,0.6666666666666666,0.6666666666666666,0.6018518518518519,0.03464497580346239,13,1.0,1.0,1.0,1.0,1.0,1.0,1.0,1.0,1.0,1.0,0.0
21,0.0020897918277316624,0.0022497059598263814,0.0004218949211968316,3.195661125734028e-05,100.0,rbf,100000,1e-09,"{'C': 100.0, 'gamma': 1e-09, 'kernel': 'rbf', 'max_iter': 100000}",0.5833333333333334,0.5833333333333334,0.5833333333333334,0.5833333333333334,0.5833333333333334,0.5833333333333334,0.5833333333333334,0.6666666666666666,0.6666666666666666,0.6018518518518519,0.03464497580346239,13,0.6041666666666666,0.6041666666666666,0.6041666666666666,0.6041666666666666,0.6041666666666666,0.6041666666666666,0.6041666666666666,0.59375,0.59375,0.6018518518518517,0.004330621975432787
22,0.0008903609381781684,1.3969651979408412e-05,0.0004047552744547526,4.273837299267055e-06,100.0,rbf,100000,1e-07,"{'C': 100.0, 'gamma': 1e-07, 'kernel': 'rbf', 'max_iter': 100000}",0.5833333333333334,0.5833333333333334,0.5833333333333334,0.5833333333333334,0.5833333333333334,0.5833333333333334,0.5833333333333334,0.6666666666666666,0.6666666666666666,0.6018518518518519,0.03464497580346239,13,0.6041666666666666,0.6041666666666666,0.6041666666666666,0.6041666666666666,0.6041666666666666,0.6041666666666666,0.6041666666666666,0.59375,0.59375,0.6018518518518517,0.004330621975432787
23,0.0008854601118299696,2.3327807670795555e-05,0.00040019883049858943,9.900743477080668e-06,100.0,rbf,100000,1e-05,"{'C': 100.0, 'gamma': 1e-05, 'kernel': 'rbf', 'max_iter': 100000}",0.5833333333333334,0.5833333333333334,0.5833333333333334,0.5833333333333334,0.5833333333333334,0.5833333333333334,0.5833333333333334,0.6666666666666666,0.6666666666666666,0.6018518518518519,0.03464497580346239,13,0.6041666666666666,0.6041666666666666,0.6041666666666666,0.6041666666666666,0.6041666666666666,0.6041666666666666,0.6041666666666666,0.59375,0.59375,0.6018518518518517,0.004330621975432787
24,0.0009573035769992404,2.075619860184133e-05,0.0004047552744547526,1.6032258362991654e-05,100.0,rbf,100000,0.001,"{'C': 100.0, 'gamma': 0.001, 'kernel': 'rbf', 'max_iter': 100000}",0.6666666666666666,0.8333333333333334,0.75,0.6666666666666666,0.6666666666666666,0.5833333333333334,0.6666666666666666,0.6666666666666666,0.6666666666666666,0.6851851851851852,0.06547285010986553,1,0.7291666666666666,0.6875,0.6979166666666666,0.71875,0.7083333333333334,0.7395833333333334,0.71875,0.71875,0.6875,0.7118055555555556,0.0170103454359943
25,0.0017537540859646266,0.00018498631694549122,0.0004011525048149957,1.9610034371973997e-05,100.0,rbf,100000,0.1,"{'C': 100.0, 'gamma': 0.1, 'kernel': 'rbf', 'max_iter': 100000}",0.25,0.6666666666666666,0.6666666666666666,0.5833333333333334,0.4166666666666667,0.4166666666666667,0.5,0.8333333333333334,0.6666666666666666,0.5555555555555557,0.16666666666666666,53,0.96875,0.9791666666666666,0.9791666666666666,0.9791666666666666,0.9375,0.9791666666666666,0.9895833333333334,0.96875,0.96875,0.9722222222222222,0.013888888888888885
26,0.001169761021931966,5.634463217775927e-05,0.0004153781467013889,1.0814021144817322e-05,100.0,rbf,100000,10.0,"{'C': 100.0, 'gamma': 10.0, 'kernel': 'rbf', 'max_iter': 100000}",0.5833333333333334,0.5833333333333334,0.5833333333333334,0.5833333333333334,0.5833333333333334,0.5833333333333334,0.5833333333333334,0.6666666666666666,0.6666666666666666,0.6018518518518519,0.03464497580346239,13,1.0,1.0,1.0,1.0,1.0,1.0,1.0,1.0,1.0,1.0,0.0
27,0.002534786860148112,0.0037950245089565767,0.00045108795166015625,2.6969299657224756e-05,100.0,rbf,100000,1000.0,"{'C': 100.0, 'gamma': 1000.0, 'kernel': 'rbf', 'max_iter': 100000}",0.5833333333333334,0.5833333333333334,0.5833333333333334,0.5833333333333334,0.5833333333333334,0.5833333333333334,0.5833333333333334,0.6666666666666666,0.6666666666666666,0.6018518518518519,0.03464497580346239,13,1.0,1.0,1.0,1.0,1.0,1.0,1.0,1.0,1.0,1.0,0.0
28,0.000990099377102322,0.00019262633563083968,0.0004204114278157552,2.061826815844862e-05,10000.0,rbf,100000,1e-09,"{'C': 10000.0, 'gamma': 1e-09, 'kernel': 'rbf', 'max_iter': 100000}",0.5833333333333334,0.5833333333333334,0.5833333333333334,0.5833333333333334,0.5833333333333334,0.5833333333333334,0.5833333333333334,0.6666666666666666,0.6666666666666666,0.6018518518518519,0.03464497580346239,13,0.6041666666666666,0.6041666666666666,0.6041666666666666,0.6041666666666666,0.6041666666666666,0.6041666666666666,0.6041666666666666,0.59375,0.59375,0.6018518518518517,0.004330621975432787
29,0.0009250375959608289,2.0178108822645064e-05,0.0004276964399549696,1.417936778351118e-05,10000.0,rbf,100000,1e-07,"{'C': 10000.0, 'gamma': 1e-07, 'kernel': 'rbf', 'max_iter': 100000}",0.5833333333333334,0.5833333333333334,0.5833333333333334,0.5833333333333334,0.5833333333333334,0.5833333333333334,0.5833333333333334,0.6666666666666666,0.6666666666666666,0.6018518518518519,0.03464497580346239,13,0.6041666666666666,0.6041666666666666,0.6041666666666666,0.6041666666666666,0.6041666666666666,0.6041666666666666,0.6041666666666666,0.59375,0.59375,0.6018518518518517,0.004330621975432787
30,0.0009796089596218532,2.0753459797377364e-05,0.0004115899403889974,2.461350292720713e-05,10000.0,rbf,100000,1e-05,"{'C': 10000.0, 'gamma': 1e-05, 'kernel': 'rbf', 'max_iter': 100000}",0.6666666666666666,0.75,0.75,0.5,0.8333333333333334,0.6666666666666666,0.5,0.6666666666666666,0.5833333333333334,0.6574074074074073,0.10718367502583542,5,0.625,0.6875,0.6875,0.6875,0.7083333333333334,0.7395833333333334,0.6770833333333334,0.6666666666666666,0.65625,0.681712962962963,0.030314353828029633
31,0.004409631093343099,0.0007557616578924751,0.0004260540008544922,2.9192189086986534e-05,10000.0,rbf,100000,0.001,"{'C': 10000.0, 'gamma': 0.001, 'kernel': 'rbf', 'max_iter': 100000}",0.5,0.8333333333333334,0.6666666666666666,0.5,0.6666666666666666,0.5,0.6666666666666666,0.8333333333333334,0.4166666666666667,0.6203703703703703,0.14224343977534462,9,0.8854166666666666,0.8333333333333334,0.8333333333333334,0.84375,0.8125,0.875,0.8229166666666666,0.78125,0.8125,0.8333333333333334,0.030270131552365784
32,0.002071936925252279,0.00011964326912727852,0.00039540396796332463,2.1702672006503293e-05,10000.0,rbf,100000,0.1,"{'C': 10000.0, 'gamma': 0.1, 'kernel': 'rbf', 'max_iter': 100000}",0.3333333333333333,0.6666666666666666,0.6666666666666666,0.5833333333333334,0.5,0.5,0.5833333333333334,0.8333333333333334,0.5833333333333334,0.5833333333333334,0.13028932666176193,48,1.0,1.0,1.0,1.0,1.0,1.0,1.0,1.0,1.0,1.0,0.0
33,0.0012121200561523438,7.849915373773989e-05,0.0004314846462673611,3.0865723594705005e-05,10000.0,rbf,100000,10.0,"{'C': 10000.0, 'gamma': 10.0, 'kernel': 'rbf', 'max_iter': 100000}",0.5833333333333334,0.5833333333333334,0.5833333333333334,0.5833333333333334,0.5833333333333334,0.5833333333333334,0.5833333333333334,0.6666666666666666,0.6666666666666666,0.6018518518518519,0.03464497580346239,13,1.0,1.0,1.0,1.0,1.0,1.0,1.0,1.0,1.0,1.0,0.0
34,0.0012259218427870008,5.962736379657354e-05,0.0004543463389078776,8.736955739537439e-06,10000.0,rbf,100000,1000.0,"{'C': 10000.0, 'gamma': 1000.0, 'kernel': 'rbf', 'max_iter': 100000}",0.5833333333333334,0.5833333333333334,0.5833333333333334,0.5833333333333334,0.5833333333333334,0.5833333333333334,0.5833333333333334,0.6666666666666666,0.6666666666666666,0.6018518518518519,0.03464497580346239,13,1.0,1.0,1.0,1.0,1.0,1.0,1.0,1.0,1.0,1.0,0.0
35,0.0009409321679009332,4.350485616343913e-05,0.0004238552517361111,1.0532944254244699e-05,1000000.0,rbf,100000,1e-09,"{'C': 1000000.0, 'gamma': 1e-09, 'kernel': 'rbf', 'max_iter': 100000}",0.5833333333333334,0.5833333333333334,0.5833333333333334,0.5833333333333334,0.5833333333333334,0.5833333333333334,0.5833333333333334,0.6666666666666666,0.6666666666666666,0.6018518518518519,0.03464497580346239,13,0.6041666666666666,0.6041666666666666,0.6041666666666666,0.6041666666666666,0.6041666666666666,0.6041666666666666,0.6041666666666666,0.59375,0.59375,0.6018518518518517,0.004330621975432787
36,0.0010504457685682508,0.00012375786875531858,0.00043013360765245225,1.4098514181103783e-05,1000000.0,rbf,100000,1e-07,"{'C': 1000000.0, 'gamma': 1e-07, 'kernel': 'rbf', 'max_iter': 100000}",0.6666666666666666,0.75,0.75,0.5,0.6666666666666666,0.5833333333333334,0.4166666666666667,0.6666666666666666,0.5833333333333334,0.6203703703703703,0.1047565601757848,9,0.65625,0.6875,0.6875,0.6979166666666666,0.6979166666666666,0.7291666666666666,0.65625,0.6770833333333334,0.6666666666666666,0.6840277777777779,0.02196026152894707
37,0.005783213509453667,0.0012065204703075843,0.00044274330139160156,3.096097789035337e-05,1000000.0,rbf,100000,1e-05,"{'C': 1000000.0, 'gamma': 1e-05, 'kernel': 'rbf', 'max_iter': 100000}",0.5833333333333334,0.8333333333333334,0.75,0.6666666666666666,0.6666666666666666,0.5833333333333334,0.5,0.8333333333333334,0.5833333333333334,0.6666666666666665,0.11111111111111112,4,0.8020833333333334,0.8020833333333334,0.8125,0.8229166666666666,0.7916666666666666,0.8125,0.8125,0.7708333333333334,0.8125,0.8043981481481481,0.014548385520806163
38,0.03800174925062391,0.008346484381158302,0.00037733713785807293,5.556045327745947e-05,1000000.0,rbf,100000,0.001,"{'C': 1000000.0, 'gamma': 0.001, 'kernel': 'rbf', 'max_iter': 100000}",0.4166666666666667,0.75,0.6666666666666666,0.4166666666666667,0.5,0.5833333333333334,0.5833333333333334,0.75,0.75,0.6018518518518519,0.12896655812207516,13,0.9270833333333334,0.8958333333333334,0.9375,0.9375,0.8958333333333334,0.9375,0.90625,0.875,0.8958333333333334,0.9120370370370371,0.022021177766713473
39,0.0021088653140597874,0.0002967295602210402,0.00039384100172254775,4.02224453031957e-05,1000000.0,rbf,100000,0.1,"{'C': 1000000.0, 'gamma': 0.1, 'kernel': 'rbf', 'max_iter': 100000}",0.3333333333333333,0.6666666666666666,0.6666666666666666,0.5833333333333334,0.5,0.5,0.5833333333333334,0.8333333333333334,0.5833333333333334,0.5833333333333334,0.13028932666176193,48,1.0,1.0,1.0,1.0,1.0,1.0,1.0,1.0,1.0,1.0,0.0
40,0.0012069808112250434,5.276771801859433e-05,0.00043082237243652344,2.2300033451456177e-05,1000000.0,rbf,100000,10.0,"{'C': 1000000.0, 'gamma': 10.0, 'kernel': 'rbf', 'max_iter': 100000}",0.5833333333333334,0.5833333333333334,0.5833333333333334,0.5833333333333334,0.5833333333333334,0.5833333333333334,0.5833333333333334,0.6666666666666666,0.6666666666666666,0.6018518518518519,0.03464497580346239,13,1.0,1.0,1.0,1.0,1.0,1.0,1.0,1.0,1.0,1.0,0.0
41,0.0012446774376763238,7.764080364910967e-05,0.00045792261759440106,9.94649750211208e-06,1000000.0,rbf,100000,1000.0,"{'C': 1000000.0, 'gamma': 1000.0, 'kernel': 'rbf', 'max_iter': 100000}",0.5833333333333334,0.5833333333333334,0.5833333333333334,0.5833333333333334,0.5833333333333334,0.5833333333333334,0.5833333333333334,0.6666666666666666,0.6666666666666666,0.6018518518518519,0.03464497580346239,13,1.0,1.0,1.0,1.0,1.0,1.0,1.0,1.0,1.0,1.0,0.0
42,0.000785933600531684,2.8073411945113167e-05,0.000398556391398112,1.7985464935068304e-05,100000000.0,rbf,100000,1e-09,"{'C': 100000000.0, 'gamma': 1e-09, 'kernel': 'rbf', 'max_iter': 100000}",0.6666666666666666,0.5833333333333334,0.5833333333333334,0.5,0.6666666666666666,0.6666666666666666,0.6666666666666666,0.6666666666666666,0.6666666666666666,0.6296296296296297,0.057077907434897907,7,0.6145833333333334,0.625,0.6145833333333334,0.59375,0.625,0.6041666666666666,0.6041666666666666,0.59375,0.6041666666666666,0.6087962962962963,0.011101461859520193
43,0.0014288955264621312,0.00036474059700177295,0.0004012054867214627,1.4777583574791704e-05,100000000.0,rbf,100000,1e-07,"{'C': 100000000.0, 'gamma': 1e-07, 'kernel': 'rbf', 'max_iter': 100000}",0.6666666666666666,0.75,0.5833333333333334,0.5,0.5833333333333334,0.5,0.4166666666666667,0.75,0.5833333333333334,0.5925925925925926,0.10718367502583541,47,0.75,0.6979166666666666,0.75,0.7291666666666666,0.6770833333333334,0.75,0.78125,0.6875,0.7395833333333334,0.7291666666666665,0.032572331665440483
44,0.02532890107896593,0.005227881633747325,0.0004553265041775174,7.691066036826005e-05,100000000.0,rbf,100000,1e-05,"{'C': 100000000.0, 'gamma': 1e-05, 'kernel': 'rbf', 'max_iter': 100000}",0.5,0.5,0.75,0.5833333333333334,0.5,0.5,0.5833333333333334,0.6666666666666666,0.75,0.5925925925925927,0.09972527420619451,44,0.71875,0.7604166666666666,0.7604166666666666,0.7291666666666666,0.6875,0.7395833333333334,0.7291666666666666,0.7708333333333334,0.7083333333333334,0.7337962962962963,0.0255679653175631
45,0.04172039031982422,0.0017466916863910077,0.0003361701965332031,1.0360164413756351e-05,100000000.0,rbf,100000,0.001,"{'C': 100000000.0, 'gamma': 0.001, 'kernel': 'rbf', 'max_iter': 100000}",0.6666666666666666,0.5833333333333334,0.6666666666666666,0.3333333333333333,0.5833333333333334,0.5,0.4166666666666667,0.9166666666666666,0.6666666666666666,0.5925925925925927,0.1593023197600486,44,0.84375,0.7604166666666666,0.9479166666666666,0.96875,0.875,0.96875,0.9479166666666666,0.9166666666666666,0.6875,0.8796296296296295,0.09369997522226432
46,0.0020376311408148873,0.0004085376404166842,0.0003838274214002821,5.329642718092815e-05,100000000.0,rbf,100000,0.1,"{'C': 100000000.0, 'gamma': 0.1, 'kernel': 'rbf', 'max_iter': 100000}",0.3333333333333333,0.6666666666666666,0.6666666666666666,0.5833333333333334,0.5,0.5,0.5833333333333334,0.8333333333333334,0.5833333333333334,0.5833333333333334,0.13028932666176193,48,1.0,1.0,1.0,1.0,1.0,1.0,1.0,1.0,1.0,1.0,0.0
47,0.0014512274000379774,0.00037143532431906665,0.0004362530178493924,2.5513579952053857e-05,100000000.0,rbf,100000,10.0,"{'C': 100000000.0, 'gamma': 10.0, 'kernel': 'rbf', 'max_iter': 100000}",0.5833333333333334,0.5833333333333334,0.5833333333333334,0.5833333333333334,0.5833333333333334,0.5833333333333334,0.5833333333333334,0.6666666666666666,0.6666666666666666,0.6018518518518519,0.03464497580346239,13,1.0,1.0,1.0,1.0,1.0,1.0,1.0,1.0,1.0,1.0,0.0
48,0.0012297100490993923,9.074908223363091e-05,0.00043076939053005644,9.54056886773675e-06,100000000.0,rbf,100000,1000.0,"{'C': 100000000.0, 'gamma': 1000.0, 'kernel': 'rbf', 'max_iter': 100000}",0.5833333333333334,0.5833333333333334,0.5833333333333334,0.5833333333333334,0.5833333333333334,0.5833333333333334,0.5833333333333334,0.6666666666666666,0.6666666666666666,0.6018518518518519,0.03464497580346239,13,1.0,1.0,1.0,1.0,1.0,1.0,1.0,1.0,1.0,1.0,0.0
49,0.0007397598690456814,2.7080725974722617e-05,0.00037542978922526043,5.612832254730725e-06,10000000000.0,rbf,100000,1e-09,"{'C': 10000000000.0, 'gamma': 1e-09, 'kernel': 'rbf', 'max_iter': 100000}",0.6666666666666666,0.5,0.5833333333333334,0.5,0.6666666666666666,0.6666666666666666,0.6666666666666666,0.6666666666666666,0.6666666666666666,0.6203703703703703,0.06928995160692482,9,0.6041666666666666,0.5833333333333334,0.6354166666666666,0.59375,0.6041666666666666,0.6041666666666666,0.625,0.59375,0.6041666666666666,0.6053240740740741,0.015090746308339452
50,0.0018285115559895833,0.0003749565062624624,0.00038697984483506944,1.7338364307007005e-05,10000000000.0,rbf,100000,1e-07,"{'C': 10000000000.0, 'gamma': 1e-07, 'kernel': 'rbf', 'max_iter': 100000}",0.6666666666666666,0.75,0.5833333333333334,0.5833333333333334,0.75,0.4166666666666667,0.5833333333333334,0.6666666666666666,0.5833333333333334,0.6203703703703703,0.09711193038612513,9,0.75,0.6666666666666666,0.6666666666666666,0.7708333333333334,0.6875,0.6979166666666666,0.7291666666666666,0.6875,0.71875,0.7083333333333334,0.03437324630767941
51,0.022441784540812176,0.006002486796664124,0.00038774808247884113,7.885101538668826e-05,10000000000.0,rbf,100000,1e-05,"{'C': 10000000000.0, 'gamma': 1e-05, 'kernel': 'rbf', 'max_iter': 100000}",0.5833333333333334,0.5833333333333334,0.6666666666666666,0.75,0.5833333333333334,0.75,0.5833333333333334,0.8333333333333334,0.5833333333333334,0.6574074074074073,0.0916619901538117,5,0.75,0.6875,0.7291666666666666,0.7291666666666666,0.7708333333333334,0.7916666666666666,0.8020833333333334,0.7395833333333334,0.6979166666666666,0.744212962962963,0.036782982828867376
52,0.04181814193725586,0.001820318042924631,0.00035010443793402775,1.2967044248072748e-05,10000000000.0,rbf,100000,0.001,"{'C': 10000000000.0, 'gamma': 0.001, 'kernel': 'rbf', 'max_iter': 100000}",0.6666666666666666,0.5833333333333334,0.6666666666666666,0.3333333333333333,0.5833333333333334,0.5,0.4166666666666667,0.9166666666666666,0.6666666666666666,0.5925925925925927,0.1593023197600486,44,0.84375,0.7604166666666666,0.9479166666666666,0.96875,0.875,0.96875,0.9479166666666666,0.9166666666666666,0.6875,0.8796296296296295,0.09369997522226432
53,0.00191497802734375,0.00044856463160336145,0.00038740370008680556,8.504609350957389e-05,10000000000.0,rbf,100000,0.1,"{'C': 10000000000.0, 'gamma': 0.1, 'kernel': 'rbf', 'max_iter': 100000}",0.3333333333333333,0.6666666666666666,0.6666666666666666,0.5833333333333334,0.5,0.5,0.5833333333333334,0.8333333333333334,0.5833333333333334,0.5833333333333334,0.13028932666176193,48,1.0,1.0,1.0,1.0,1.0,1.0,1.0,1.0,1.0,1.0,0.0
54,0.0012456046210394965,9.055234802901057e-05,0.000444491704305013,3.047387815596252e-05,10000000000.0,rbf,100000,10.0,"{'C': 10000000000.0, 'gamma': 10.0, 'kernel': 'rbf', 'max_iter': 100000}",0.5833333333333334,0.5833333333333334,0.5833333333333334,0.5833333333333334,0.5833333333333334,0.5833333333333334,0.5833333333333334,0.6666666666666666,0.6666666666666666,0.6018518518518519,0.03464497580346239,13,1.0,1.0,1.0,1.0,1.0,1.0,1.0,1.0,1.0,1.0,0.0
55,0.0012853940327962239,0.0001293618970280204,0.0004715389675564236,9.152898448514414e-05,10000000000.0,rbf,100000,1000.0,"{'C': 10000000000.0, 'gamma': 1000.0, 'kernel': 'rbf', 'max_iter': 100000}",0.5833333333333334,0.5833333333333334,0.5833333333333334,0.5833333333333334,0.5833333333333334,0.5833333333333334,0.5833333333333334,0.6666666666666666,0.6666666666666666,0.6018518518518519,0.03464497580346239,13,1.0,1.0,1.0,1.0,1.0,1.0,1.0,1.0,1.0,1.0,0.0
