,mean_fit_time,std_fit_time,mean_score_time,std_score_time,param_C,param_kernel,param_max_iter,param_gamma,params,split0_test_score,split1_test_score,split2_test_score,split3_test_score,split4_test_score,split5_test_score,split6_test_score,split7_test_score,split8_test_score,mean_test_score,std_test_score,rank_test_score,split0_train_score,split1_train_score,split2_train_score,split3_train_score,split4_train_score,split5_train_score,split6_train_score,split7_train_score,split8_train_score,mean_train_score,std_train_score
0,0.00103502803378635,0.00013130589372508593,0.0004665586683485243,7.908539450044104e-05,0.01,linear,100000,,"{'C': 0.01, 'kernel': 'linear', 'max_iter': 100000}",0.75,0.4166666666666667,0.9166666666666666,0.5,0.5,0.8333333333333334,0.8333333333333334,0.9166666666666666,0.75,0.7129629629629629,0.18049619157053637,1,0.7395833333333334,0.7916666666666666,0.7291666666666666,0.7708333333333334,0.75,0.78125,0.7395833333333334,0.7291666666666666,0.71875,0.75,0.024056261216234408
1,0.0013636483086480035,0.0003427561178094247,0.00037418471442328557,3.925381859815117e-05,1.0,linear,100000,,"{'C': 1.0, 'kernel': 'linear', 'max_iter': 100000}",0.75,0.4166666666666667,0.75,0.4166666666666667,0.5833333333333334,0.6666666666666666,0.6666666666666666,0.9166666666666666,0.5833333333333334,0.6388888888888888,0.15214515486254612,15,0.7708333333333334,0.8645833333333334,0.7916666666666666,0.8229166666666666,0.8125,0.7708333333333334,0.7916666666666666,0.7604166666666666,0.7916666666666666,0.7974537037037037,0.03031435382802962
2,0.0346833864847819,0.009405679335881628,0.0008540418412950304,0.00047909272626275943,100.0,linear,100000,,"{'C': 100.0, 'kernel': 'linear', 'max_iter': 100000}",0.8333333333333334,0.5833333333333334,0.75,0.5,0.75,0.6666666666666666,0.6666666666666666,0.9166666666666666,0.5,0.6851851851851852,0.13481684980149108,3,0.7916666666666666,0.875,0.75,0.8333333333333334,0.78125,0.7916666666666666,0.8125,0.8020833333333334,0.8020833333333334,0.8043981481481481,0.03285895733004258
3,0.13985888163248697,0.026865927588677133,0.0009504159291585287,0.0003499732093573632,10000.0,linear,100000,,"{'C': 10000.0, 'kernel': 'linear', 'max_iter': 100000}",0.9166666666666666,0.6666666666666666,0.9166666666666666,0.4166666666666667,0.6666666666666666,0.25,0.5,0.4166666666666667,0.9166666666666666,0.6296296296296297,0.23606571822188818,16,0.5520833333333334,0.4270833333333333,0.5833333333333334,0.6354166666666666,0.5833333333333334,0.2708333333333333,0.71875,0.3958333333333333,0.7291666666666666,0.5439814814814815,0.14398445870448137
4,0.13699550098843044,0.008215682923298218,0.000835577646891276,8.890935384119831e-05,1000000.0,linear,100000,,"{'C': 1000000.0, 'kernel': 'linear', 'max_iter': 100000}",0.9166666666666666,0.6666666666666666,0.9166666666666666,0.4166666666666667,0.6666666666666666,0.25,0.5,0.4166666666666667,0.3333333333333333,0.5648148148148148,0.2283116297395917,25,0.5520833333333334,0.4270833333333333,0.5833333333333334,0.6354166666666666,0.5833333333333334,0.2708333333333333,0.71875,0.3958333333333333,0.6770833333333334,0.5381944444444444,0.13731749953670272
5,0.13939963446723092,0.01743237608757133,0.0008360015021430121,0.00027123944069306374,100000000.0,linear,100000,,"{'C': 100000000.0, 'kernel': 'linear', 'max_iter': 100000}",0.9166666666666666,0.6666666666666666,0.9166666666666666,0.4166666666666667,0.6666666666666666,0.25,0.5,0.4166666666666667,0.3333333333333333,0.5648148148148148,0.2283116297395917,25,0.5520833333333334,0.4270833333333333,0.5833333333333334,0.6354166666666666,0.5833333333333334,0.2708333333333333,0.71875,0.3958333333333333,0.6770833333333334,0.5381944444444444,0.13731749953670272
6,0.13497945997450086,0.010185459318614023,0.0009157127804226346,0.0003682041620131306,10000000000.0,linear,100000,,"{'C': 10000000000.0, 'kernel': 'linear', 'max_iter': 100000}",0.9166666666666666,0.6666666666666666,0.9166666666666666,0.4166666666666667,0.6666666666666666,0.25,0.5,0.4166666666666667,0.3333333333333333,0.5648148148148148,0.2283116297395917,25,0.5520833333333334,0.4270833333333333,0.5833333333333334,0.6354166666666666,0.5833333333333334,0.2708333333333333,0.71875,0.3958333333333333,0.6770833333333334,0.5381944444444444,0.13731749953670272
7,0.0017393165164523655,0.00048979349456376,0.0006828573015001086,0.00015652907322426555,0.01,rbf,100000,1e-09,"{'C': 0.01, 'gamma': 1e-09, 'kernel': 'rbf', 'max_iter': 100000}",0.75,0.25,0.8333333333333334,0.25,0.25,0.25,0.8333333333333334,0.75,0.75,0.5462962962962963,0.26675667205348025,31,0.7083333333333334,0.53125,0.6770833333333334,0.53125,0.53125,0.53125,0.71875,0.7083333333333334,0.7083333333333334,0.6273148148148148,0.08656602755238499
8,0.0019366741180419922,0.001360450962506086,0.0008283985985649957,0.0005150375528735593,0.01,rbf,100000,1e-07,"{'C': 0.01, 'gamma': 1e-07, 'kernel': 'rbf', 'max_iter': 100000}",0.6666666666666666,0.25,0.8333333333333334,0.25,0.25,0.25,0.75,0.8333333333333334,0.8333333333333334,0.5462962962962963,0.26963369960298217,31,0.6979166666666666,0.53125,0.6770833333333334,0.53125,0.53125,0.53125,0.75,0.6979166666666666,0.65625,0.6226851851851851,0.08502022070466184
9,0.0017470783657497829,0.0006405640059102653,0.000618139902750651,0.00016077047201364258,0.01,rbf,100000,1e-05,"{'C': 0.01, 'gamma': 1e-05, 'kernel': 'rbf', 'max_iter': 100000}",0.6666666666666666,0.25,0.8333333333333334,0.25,0.25,0.25,0.75,0.8333333333333334,0.8333333333333334,0.5462962962962963,0.26963369960298217,31,0.6979166666666666,0.53125,0.6770833333333334,0.53125,0.53125,0.53125,0.75,0.6979166666666666,0.65625,0.6226851851851851,0.08502022070466184
10,0.0013237264421251086,0.0002284323299577866,0.0006287627749972873,0.00022887713865083248,0.01,rbf,100000,0.001,"{'C': 0.01, 'gamma': 0.001, 'kernel': 'rbf', 'max_iter': 100000}",0.6666666666666666,0.25,0.8333333333333334,0.25,0.25,0.25,0.75,0.8333333333333334,0.8333333333333334,0.5462962962962963,0.26963369960298217,31,0.6979166666666666,0.53125,0.6770833333333334,0.53125,0.53125,0.53125,0.7395833333333334,0.6979166666666666,0.65625,0.6215277777777778,0.08333333333333333
11,0.0019161701202392578,0.0014985854953349794,0.0007587803734673394,0.00041085706975439273,0.01,rbf,100000,0.1,"{'C': 0.01, 'gamma': 0.1, 'kernel': 'rbf', 'max_iter': 100000}",0.6666666666666666,0.25,0.8333333333333334,0.25,0.25,0.25,0.6666666666666666,0.9166666666666666,0.6666666666666666,0.5277777777777778,0.26057865332352387,41,0.7916666666666666,0.53125,0.78125,0.53125,0.53125,0.53125,0.7708333333333334,0.75,0.8541666666666666,0.6747685185185186,0.13100706663732428
12,0.0018472671508789062,0.0008959177343967764,0.0008740954928927951,0.00018041843744299164,0.01,rbf,100000,10.0,"{'C': 0.01, 'gamma': 10.0, 'kernel': 'rbf', 'max_iter': 100000}",0.5,0.25,0.5,0.25,0.25,0.25,0.4166666666666667,0.5,0.5,0.37962962962962965,0.11857637476727496,50,1.0,0.53125,1.0,0.53125,0.53125,0.53125,1.0,1.0,1.0,0.7916666666666666,0.2329237476562281
13,0.0016679498884412977,0.0006422348909861357,0.0005887349446614584,9.120694009578957e-05,0.01,rbf,100000,1000.0,"{'C': 0.01, 'gamma': 1000.0, 'kernel': 'rbf', 'max_iter': 100000}",0.5,0.25,0.5,0.25,0.25,0.25,0.5,0.5,0.5,0.3888888888888889,0.12422599874998833,43,1.0,0.53125,1.0,0.53125,0.53125,0.53125,1.0,1.0,1.0,0.7916666666666666,0.2329237476562281
14,0.0017308923933241102,0.0008587617937569239,0.002361456553141276,0.004434187481272748,1.0,rbf,100000,1e-09,"{'C': 1.0, 'gamma': 1e-09, 'kernel': 'rbf', 'max_iter': 100000}",0.75,0.25,0.8333333333333334,0.25,0.25,0.25,0.8333333333333334,0.75,0.75,0.5462962962962963,0.26675667205348025,31,0.7083333333333334,0.53125,0.6770833333333334,0.53125,0.53125,0.53125,0.71875,0.7083333333333334,0.7083333333333334,0.6273148148148148,0.08656602755238499
15,0.0026241938273111978,0.0028039134076439536,0.00075531005859375,0.00033471945773672437,1.0,rbf,100000,1e-07,"{'C': 1.0, 'gamma': 1e-07, 'kernel': 'rbf', 'max_iter': 100000}",0.6666666666666666,0.25,0.8333333333333334,0.25,0.25,0.25,0.75,0.8333333333333334,0.8333333333333334,0.5462962962962963,0.26963369960298217,31,0.6979166666666666,0.53125,0.6770833333333334,0.53125,0.53125,0.53125,0.75,0.6979166666666666,0.65625,0.6226851851851851,0.08502022070466184
16,0.0015772713555230035,0.0003493253050202644,0.0007017718421088324,0.00012374447994989616,1.0,rbf,100000,1e-05,"{'C': 1.0, 'gamma': 1e-05, 'kernel': 'rbf', 'max_iter': 100000}",0.6666666666666666,0.25,0.8333333333333334,0.25,0.25,0.25,0.75,0.8333333333333334,0.8333333333333334,0.5462962962962963,0.26963369960298217,31,0.6979166666666666,0.53125,0.6770833333333334,0.53125,0.53125,0.53125,0.75,0.6979166666666666,0.65625,0.6226851851851851,0.08502022070466184
17,0.0011585023668077257,0.0001504785155007233,0.0005471176571316189,9.117548050427276e-05,1.0,rbf,100000,0.001,"{'C': 1.0, 'gamma': 0.001, 'kernel': 'rbf', 'max_iter': 100000}",0.6666666666666666,0.25,0.8333333333333334,0.3333333333333333,0.25,0.25,0.75,0.8333333333333334,0.8333333333333334,0.5555555555555556,0.26057865332352387,28,0.6979166666666666,0.5729166666666666,0.6770833333333334,0.5520833333333334,0.5520833333333334,0.53125,0.7395833333333334,0.6979166666666666,0.65625,0.6307870370370371,0.07400170075530453
18,0.0013994640774197048,0.00021013528157613718,0.0007641315460205078,0.00032929671241644807,1.0,rbf,100000,0.1,"{'C': 1.0, 'gamma': 0.1, 'kernel': 'rbf', 'max_iter': 100000}",0.75,0.3333333333333333,0.75,0.5,0.5833333333333334,0.6666666666666666,0.6666666666666666,1.0,0.75,0.6666666666666666,0.17568209223157663,8,0.875,0.8958333333333334,0.8645833333333334,0.8958333333333334,0.8645833333333334,0.8958333333333334,0.90625,0.8645833333333334,0.8958333333333334,0.8842592592592592,0.015869570834261673
19,0.0014773474799262153,0.00022704693938144392,0.0006104840172661676,8.859702773121138e-05,1.0,rbf,100000,10.0,"{'C': 1.0, 'gamma': 10.0, 'kernel': 'rbf', 'max_iter': 100000}",0.5,0.25,0.5,0.25,0.25,0.25,0.4166666666666667,0.5,0.5,0.37962962962962965,0.11857637476727496,50,1.0,1.0,1.0,1.0,1.0,1.0,1.0,1.0,1.0,1.0,0.0
20,0.0015801853603786891,0.0002336052706971135,0.0006406042310926649,5.030769424164526e-05,1.0,rbf,100000,1000.0,"{'C': 1.0, 'gamma': 1000.0, 'kernel': 'rbf', 'max_iter': 100000}",0.5,0.25,0.5,0.25,0.25,0.25,0.5,0.5,0.5,0.3888888888888889,0.12422599874998833,43,1.0,1.0,1.0,1.0,1.0,1.0,1.0,1.0,1.0,1.0,0.0
21,0.0017217000325520833,0.00022783024044281363,0.0007325543297661676,0.00017492787418427205,100.0,rbf,100000,1e-09,"{'C': 100.0, 'gamma': 1e-09, 'kernel': 'rbf', 'max_iter': 100000}",0.75,0.25,0.8333333333333334,0.25,0.25,0.25,0.8333333333333334,0.75,0.75,0.5462962962962963,0.26675667205348025,31,0.7083333333333334,0.53125,0.6770833333333334,0.53125,0.53125,0.53125,0.71875,0.7083333333333334,0.7083333333333334,0.6273148148148148,0.08656602755238499
22,0.0013809469011094836,0.00035014065265778473,0.0006131066216362847,0.00014523886832903596,100.0,rbf,100000,1e-07,"{'C': 100.0, 'gamma': 1e-07, 'kernel': 'rbf', 'max_iter': 100000}",0.6666666666666666,0.25,0.8333333333333334,0.25,0.25,0.25,0.75,0.8333333333333334,0.8333333333333334,0.5462962962962963,0.26963369960298217,31,0.6979166666666666,0.53125,0.6770833333333334,0.53125,0.53125,0.53125,0.75,0.6979166666666666,0.65625,0.6226851851851851,0.08502022070466184
23,0.001217312282986111,0.00020743651912869996,0.0005488395690917969,0.0001392880163551669,100.0,rbf,100000,1e-05,"{'C': 100.0, 'gamma': 1e-05, 'kernel': 'rbf', 'max_iter': 100000}",0.6666666666666666,0.25,0.8333333333333334,0.3333333333333333,0.25,0.25,0.75,0.8333333333333334,0.8333333333333334,0.5555555555555556,0.26057865332352387,28,0.6979166666666666,0.5729166666666666,0.6770833333333334,0.5520833333333334,0.5625,0.5416666666666666,0.75,0.6979166666666666,0.65625,0.6342592592592592,0.07307265795215091
24,0.0009142822689480252,0.00015274575207677139,0.0003706614176432292,4.806288330175469e-05,100.0,rbf,100000,0.001,"{'C': 100.0, 'gamma': 0.001, 'kernel': 'rbf', 'max_iter': 100000}",0.75,0.3333333333333333,0.8333333333333334,0.5833333333333334,0.5833333333333334,0.6666666666666666,0.6666666666666666,1.0,0.6666666666666666,0.6759259259259259,0.17322487901731212,5,0.8020833333333334,0.84375,0.7708333333333334,0.8333333333333334,0.7916666666666666,0.8229166666666666,0.8125,0.75,0.8125,0.8043981481481481,0.028113328244192402
25,0.0014960765838623047,0.0003500750513061665,0.0005252096388075086,7.901508448983261e-05,100.0,rbf,100000,0.1,"{'C': 100.0, 'gamma': 0.1, 'kernel': 'rbf', 'max_iter': 100000}",0.75,0.4166666666666667,0.6666666666666666,0.5833333333333334,0.6666666666666666,0.5833333333333334,0.8333333333333334,0.5833333333333334,0.5,0.6203703703703705,0.11857637476727498,17,1.0,1.0,1.0,1.0,1.0,1.0,1.0,1.0,1.0,1.0,0.0
26,0.0017620192633734809,0.00042800611775859436,0.0006429354349772135,5.158590608065773e-05,100.0,rbf,100000,10.0,"{'C': 100.0, 'gamma': 10.0, 'kernel': 'rbf', 'max_iter': 100000}",0.5,0.25,0.5,0.25,0.25,0.25,0.4166666666666667,0.4166666666666667,0.5,0.3703703703703704,0.11188005531106085,52,1.0,1.0,1.0,1.0,1.0,1.0,1.0,1.0,1.0,1.0,0.0
27,0.001485904057820638,0.00025496350022432076,0.0006826453738742404,0.00011751570784720543,100.0,rbf,100000,1000.0,"{'C': 100.0, 'gamma': 1000.0, 'kernel': 'rbf', 'max_iter': 100000}",0.5,0.25,0.5,0.25,0.25,0.25,0.5,0.5,0.5,0.3888888888888889,0.12422599874998833,43,1.0,1.0,1.0,1.0,1.0,1.0,1.0,1.0,1.0,1.0,0.0
28,0.0016575389438205296,0.00038460990054163497,0.0006851355234781901,0.0001450461772877824,10000.0,rbf,100000,1e-09,"{'C': 10000.0, 'gamma': 1e-09, 'kernel': 'rbf', 'max_iter': 100000}",0.75,0.25,0.8333333333333334,0.25,0.25,0.25,0.8333333333333334,0.75,0.75,0.5462962962962963,0.26675667205348025,31,0.7083333333333334,0.53125,0.6770833333333334,0.53125,0.53125,0.53125,0.71875,0.7083333333333334,0.7083333333333334,0.6273148148148148,0.08656602755238499
29,0.0015040238698323567,0.00031732785413775657,0.0005996492173936632,0.00011588491639343816,10000.0,rbf,100000,1e-07,"{'C': 10000.0, 'gamma': 1e-07, 'kernel': 'rbf', 'max_iter': 100000}",0.6666666666666666,0.25,0.8333333333333334,0.3333333333333333,0.25,0.25,0.75,0.8333333333333334,0.8333333333333334,0.5555555555555556,0.26057865332352387,28,0.6979166666666666,0.5729166666666666,0.6770833333333334,0.5520833333333334,0.5625,0.5416666666666666,0.75,0.6979166666666666,0.65625,0.6342592592592592,0.07307265795215091
30,0.0011358261108398438,0.00027024710592601925,0.0005318853590223524,0.00019139745793651192,10000.0,rbf,100000,1e-05,"{'C': 10000.0, 'gamma': 1e-05, 'kernel': 'rbf', 'max_iter': 100000}",0.75,0.4166666666666667,0.8333333333333334,0.5,0.5833333333333334,0.5833333333333334,0.6666666666666666,1.0,0.5833333333333334,0.6574074074074073,0.16871173294711667,10,0.7916666666666666,0.8541666666666666,0.7708333333333334,0.8020833333333334,0.78125,0.8020833333333334,0.78125,0.7395833333333334,0.8125,0.7928240740740741,0.029644093691818727
31,0.008269018597073026,0.0034121112587849087,0.0009587605794270834,0.000537119072896713,10000.0,rbf,100000,0.001,"{'C': 10000.0, 'gamma': 0.001, 'kernel': 'rbf', 'max_iter': 100000}",0.75,0.3333333333333333,0.8333333333333334,0.5,0.75,0.5833333333333334,0.6666666666666666,0.9166666666666666,0.6666666666666666,0.6666666666666667,0.16666666666666666,7,0.9375,0.9166666666666666,0.8958333333333334,0.9166666666666666,0.8958333333333334,0.9166666666666666,0.9375,0.8958333333333334,0.9166666666666666,0.9143518518518517,0.0153547443997935
32,0.0017952919006347656,0.0006007799595941181,0.0005993313259548611,0.00021547282795356503,10000.0,rbf,100000,0.1,"{'C': 10000.0, 'gamma': 0.1, 'kernel': 'rbf', 'max_iter': 100000}",0.75,0.4166666666666667,0.6666666666666666,0.5833333333333334,0.6666666666666666,0.5833333333333334,0.8333333333333334,0.5833333333333334,0.5,0.6203703703703705,0.11857637476727498,17,1.0,1.0,1.0,1.0,1.0,1.0,1.0,1.0,1.0,1.0,0.0
33,0.0016983879937065972,0.0005973010963263363,0.000797059800889757,0.00024200733155913982,10000.0,rbf,100000,10.0,"{'C': 10000.0, 'gamma': 10.0, 'kernel': 'rbf', 'max_iter': 100000}",0.5,0.25,0.5,0.25,0.25,0.25,0.4166666666666667,0.4166666666666667,0.5,0.3703703703703704,0.11188005531106085,52,1.0,1.0,1.0,1.0,1.0,1.0,1.0,1.0,1.0,1.0,0.0
34,0.0015021959940592449,0.000399699660012484,0.0006697442796495226,0.0001536672404130523,10000.0,rbf,100000,1000.0,"{'C': 10000.0, 'gamma': 1000.0, 'kernel': 'rbf', 'max_iter': 100000}",0.5,0.25,0.5,0.25,0.25,0.25,0.5,0.5,0.5,0.3888888888888889,0.12422599874998833,43,1.0,1.0,1.0,1.0,1.0,1.0,1.0,1.0,1.0,1.0,0.0
35,0.001546886232164171,0.00036538014263055044,0.0007112026214599609,0.000209718471840939,1000000.0,rbf,100000,1e-09,"{'C': 1000000.0, 'gamma': 1e-09, 'kernel': 'rbf', 'max_iter': 100000}",0.6666666666666666,0.3333333333333333,0.8333333333333334,0.3333333333333333,0.3333333333333333,0.25,0.5,0.75,0.75,0.5277777777777778,0.21154925294066412,41,0.7291666666666666,0.71875,0.6875,0.6354166666666666,0.625,0.625,0.71875,0.7083333333333334,0.6770833333333334,0.6805555555555555,0.039892796156514095
36,0.0019825829399956595,0.0018608649982628457,0.0006167093912760416,0.00015163021762141948,1000000.0,rbf,100000,1e-07,"{'C': 1000000.0, 'gamma': 1e-07, 'kernel': 'rbf', 'max_iter': 100000}",0.75,0.4166666666666667,0.9166666666666666,0.5,0.5833333333333334,0.6666666666666666,0.6666666666666666,1.0,0.5833333333333334,0.6759259259259259,0.17762338975232292,5,0.8020833333333334,0.8333333333333334,0.78125,0.7916666666666666,0.7916666666666666,0.8020833333333334,0.7916666666666666,0.7395833333333334,0.7916666666666666,0.7916666666666666,0.02303211659969028
37,0.01900513966878255,0.005800856180110341,0.0008215374416775174,0.0002499858380788403,1000000.0,rbf,100000,1e-05,"{'C': 1000000.0, 'gamma': 1e-05, 'kernel': 'rbf', 'max_iter': 100000}",0.8333333333333334,0.5,0.9166666666666666,0.5,0.75,0.6666666666666666,0.6666666666666666,1.0,0.5,0.7037037037037037,0.17616942213370787,2,0.7916666666666666,0.8645833333333334,0.7708333333333334,0.84375,0.7708333333333334,0.8333333333333334,0.8229166666666666,0.78125,0.8229166666666666,0.8113425925925926,0.03199137722473438
38,0.03890678617689344,0.01219902015489404,0.0007641315460205078,0.00015176503185436723,1000000.0,rbf,100000,0.001,"{'C': 1000000.0, 'gamma': 0.001, 'kernel': 'rbf', 'max_iter': 100000}",0.75,0.25,0.4166666666666667,0.75,0.75,0.6666666666666666,0.75,0.75,0.75,0.6481481481481483,0.17470335429734452,11,1.0,1.0,1.0,1.0,1.0,1.0,1.0,1.0,1.0,1.0,0.0
39,0.0019334952036539714,0.0004970107856211096,0.0006095833248562283,0.00017436388080670562,1000000.0,rbf,100000,0.1,"{'C': 1000000.0, 'gamma': 0.1, 'kernel': 'rbf', 'max_iter': 100000}",0.75,0.4166666666666667,0.6666666666666666,0.5833333333333334,0.6666666666666666,0.5833333333333334,0.8333333333333334,0.5833333333333334,0.5,0.6203703703703705,0.11857637476727498,17,1.0,1.0,1.0,1.0,1.0,1.0,1.0,1.0,1.0,1.0,0.0
40,0.0014363394843207465,0.000170344623962798,0.0005829069349500868,0.00012339268763414854,1000000.0,rbf,100000,10.0,"{'C': 1000000.0, 'gamma': 10.0, 'kernel': 'rbf', 'max_iter': 100000}",0.5,0.25,0.5,0.25,0.25,0.25,0.4166666666666667,0.4166666666666667,0.5,0.3703703703703704,0.11188005531106085,52,1.0,1.0,1.0,1.0,1.0,1.0,1.0,1.0,1.0,1.0,0.0
41,0.0014129744635687934,0.0004011812015923305,0.0005650520324707031,5.1179781211409546e-05,1000000.0,rbf,100000,1000.0,"{'C': 1000000.0, 'gamma': 1000.0, 'kernel': 'rbf', 'max_iter': 100000}",0.5,0.25,0.5,0.25,0.25,0.25,0.5,0.5,0.5,0.3888888888888889,0.12422599874998833,43,1.0,1.0,1.0,1.0,1.0,1.0,1.0,1.0,1.0,1.0,0.0
42,0.0009814103444417317,0.00012315678062528143,0.0022368960910373265,0.004915242846475132,100000000.0,rbf,100000,1e-09,"{'C': 100000000.0, 'gamma': 1e-09, 'kernel': 'rbf', 'max_iter': 100000}",0.6666666666666666,0.3333333333333333,0.75,0.5,0.3333333333333333,0.5833333333333334,0.75,0.9166666666666666,0.6666666666666666,0.6111111111111112,0.18425693279752223,22,0.71875,0.71875,0.7395833333333334,0.7916666666666666,0.6770833333333334,0.6979166666666666,0.6875,0.71875,0.65625,0.7118055555555556,0.037073188375108715
43,0.002933873070610894,0.0015226632750871673,0.0007930066850450304,0.0007607845783538974,100000000.0,rbf,100000,1e-07,"{'C': 100000000.0, 'gamma': 1e-07, 'kernel': 'rbf', 'max_iter': 100000}",0.8333333333333334,0.4166666666666667,0.9166666666666666,0.5,0.6666666666666666,0.6666666666666666,0.6666666666666666,0.9166666666666666,0.5833333333333334,0.6851851851851851,0.16563466499998442,4,0.7916666666666666,0.8125,0.75,0.7708333333333334,0.7604166666666666,0.7291666666666666,0.75,0.7291666666666666,0.75,0.7604166666666666,0.02598373185259682
44,0.0429130925072564,0.009752228542922192,0.0007292694515652127,0.00016625311119529353,100000000.0,rbf,100000,1e-05,"{'C': 100000000.0, 'gamma': 1e-05, 'kernel': 'rbf', 'max_iter': 100000}",0.8333333333333334,0.5833333333333334,0.5833333333333334,0.5,0.4166666666666667,0.5,0.5,0.9166666666666666,0.5833333333333334,0.6018518518518517,0.156039810614377,23,0.78125,0.8020833333333334,0.6979166666666666,0.8645833333333334,0.6875,0.7708333333333334,0.78125,0.71875,0.84375,0.7719907407407408,0.05798599560127477
45,0.033814933564927846,0.009720155275603447,0.0007013744778103299,0.0001705398605310618,100000000.0,rbf,100000,0.001,"{'C': 100000000.0, 'gamma': 0.001, 'kernel': 'rbf', 'max_iter': 100000}",0.75,0.25,0.4166666666666667,0.75,0.75,0.6666666666666666,0.75,0.75,0.75,0.6481481481481483,0.17470335429734452,11,1.0,1.0,1.0,1.0,1.0,1.0,1.0,1.0,1.0,1.0,0.0
46,0.0015774303012424046,0.00028260235525849934,0.0005789332919650608,0.00012208965028398647,100000000.0,rbf,100000,0.1,"{'C': 100000000.0, 'gamma': 0.1, 'kernel': 'rbf', 'max_iter': 100000}",0.75,0.4166666666666667,0.6666666666666666,0.5833333333333334,0.6666666666666666,0.5833333333333334,0.8333333333333334,0.5833333333333334,0.5,0.6203703703703705,0.11857637476727498,17,1.0,1.0,1.0,1.0,1.0,1.0,1.0,1.0,1.0,1.0,0.0
47,0.0015440781911214192,0.0001953963372563805,0.0006461408403184679,0.0001102181379022973,100000000.0,rbf,100000,10.0,"{'C': 100000000.0, 'gamma': 10.0, 'kernel': 'rbf', 'max_iter': 100000}",0.5,0.25,0.5,0.25,0.25,0.25,0.4166666666666667,0.4166666666666667,0.5,0.3703703703703704,0.11188005531106085,52,1.0,1.0,1.0,1.0,1.0,1.0,1.0,1.0,1.0,1.0,0.0
48,0.0016883214314778645,0.0005764884880737436,0.0006630685594346789,7.317577171759458e-05,100000000.0,rbf,100000,1000.0,"{'C': 100000000.0, 'gamma': 1000.0, 'kernel': 'rbf', 'max_iter': 100000}",0.5,0.25,0.5,0.25,0.25,0.25,0.5,0.5,0.5,0.3888888888888889,0.12422599874998833,43,1.0,1.0,1.0,1.0,1.0,1.0,1.0,1.0,1.0,1.0,0.0
49,0.0011834038628472222,0.0002895557431630913,0.0005546410878499349,0.00012323332340391792,10000000000.0,rbf,100000,1e-09,"{'C': 10000000000.0, 'gamma': 1e-09, 'kernel': 'rbf', 'max_iter': 100000}",0.6666666666666666,0.3333333333333333,0.75,0.3333333333333333,0.5833333333333334,0.75,0.8333333333333334,1.0,0.6666666666666666,0.6574074074074074,0.20579732195271178,9,0.7395833333333334,0.7291666666666666,0.75,0.7708333333333334,0.7291666666666666,0.7395833333333334,0.71875,0.75,0.6875,0.7349537037037037,0.02202117776671349
50,0.004474719365437825,0.0016344268146342505,0.0006641811794704861,0.00011403304603108961,10000000000.0,rbf,100000,1e-07,"{'C': 10000000000.0, 'gamma': 1e-07, 'kernel': 'rbf', 'max_iter': 100000}",0.75,0.5,0.8333333333333334,0.4166666666666667,0.6666666666666666,0.5,0.6666666666666666,0.9166666666666666,0.5833333333333334,0.6481481481481481,0.156039810614377,14,0.7708333333333334,0.8020833333333334,0.7708333333333334,0.7708333333333334,0.7604166666666666,0.7604166666666666,0.7604166666666666,0.7083333333333334,0.7604166666666666,0.7627314814814814,0.02291549753845293
51,0.0652310848236084,0.014768100210282128,0.0008456442091200086,0.00019429560251528984,10000000000.0,rbf,100000,1e-05,"{'C': 10000000000.0, 'gamma': 1e-05, 'kernel': 'rbf', 'max_iter': 100000}",0.75,0.5,0.75,0.5833333333333334,0.3333333333333333,0.5,0.6666666666666666,0.8333333333333334,0.5,0.6018518518518517,0.15101394842870455,23,0.7604166666666666,0.7708333333333334,0.75,0.7291666666666666,0.6979166666666666,0.7083333333333334,0.6875,0.6979166666666666,0.78125,0.7314814814814814,0.03322384281112807
52,0.047189818488226995,0.009862137662118159,0.0008226500617133246,0.0001387611201507391,10000000000.0,rbf,100000,0.001,"{'C': 10000000000.0, 'gamma': 0.001, 'kernel': 'rbf', 'max_iter': 100000}",0.75,0.25,0.4166666666666667,0.75,0.75,0.6666666666666666,0.75,0.75,0.75,0.6481481481481483,0.17470335429734452,11,1.0,1.0,1.0,1.0,1.0,1.0,1.0,1.0,1.0,1.0,0.0
53,0.0016256968180338542,0.00015038491138739358,0.001782920625474718,0.0031531738715704027,10000000000.0,rbf,100000,0.1,"{'C': 10000000000.0, 'gamma': 0.1, 'kernel': 'rbf', 'max_iter': 100000}",0.75,0.4166666666666667,0.6666666666666666,0.5833333333333334,0.6666666666666666,0.5833333333333334,0.8333333333333334,0.5833333333333334,0.5,0.6203703703703705,0.11857637476727498,17,1.0,1.0,1.0,1.0,1.0,1.0,1.0,1.0,1.0,1.0,0.0
54,0.0021858480241563586,0.0014995827607286732,0.0007827017042371961,0.00020346310709614386,10000000000.0,rbf,100000,10.0,"{'C': 10000000000.0, 'gamma': 10.0, 'kernel': 'rbf', 'max_iter': 100000}",0.5,0.25,0.5,0.25,0.25,0.25,0.4166666666666667,0.4166666666666667,0.5,0.3703703703703704,0.11188005531106085,52,1.0,1.0,1.0,1.0,1.0,1.0,1.0,1.0,1.0,1.0,0.0
55,0.0017463631100124782,0.0009136326513574197,0.0006799168056911892,9.956764944457585e-05,10000000000.0,rbf,100000,1000.0,"{'C': 10000000000.0, 'gamma': 1000.0, 'kernel': 'rbf', 'max_iter': 100000}",0.5,0.25,0.5,0.25,0.25,0.25,0.5,0.5,0.5,0.3888888888888889,0.12422599874998833,43,1.0,1.0,1.0,1.0,1.0,1.0,1.0,1.0,1.0,1.0,0.0
