,mean_fit_time,std_fit_time,mean_score_time,std_score_time,param_C,param_kernel,param_max_iter,param_gamma,params,split0_test_score,split1_test_score,split2_test_score,split3_test_score,split4_test_score,split5_test_score,split6_test_score,split7_test_score,split8_test_score,mean_test_score,std_test_score,rank_test_score,split0_train_score,split1_train_score,split2_train_score,split3_train_score,split4_train_score,split5_train_score,split6_train_score,split7_train_score,split8_train_score,mean_train_score,std_train_score
0,0.3269038200378418,0.11474265240687988,0.011728366216023764,0.0034613424307426317,0.01,linear,100000,,"{'C': 0.01, 'kernel': 'linear', 'max_iter': 100000}",0.75,0.5041666666666667,0.75,0.5,0.5,0.49583333333333335,0.5,0.5,1.0,0.6111111111111112,0.17124498731061397,1,0.5947916666666667,0.6255208333333333,0.5947916666666667,0.6260416666666667,0.6255208333333333,0.6265625,0.6260416666666667,0.6260416666666667,0.5635416666666667,0.6120949074074074,0.021368668542626514
1,0.8955028851826986,0.2972838751229633,0.013044993082682291,0.0041289562895733415,1.0,linear,100000,,"{'C': 1.0, 'kernel': 'linear', 'max_iter': 100000}",0.75,0.5041666666666667,0.75,0.5,0.5,0.49583333333333335,0.5,0.5,1.0,0.6111111111111112,0.17124498731061397,1,0.5953125,0.6265625,0.5953125,0.6265625,0.6260416666666667,0.6270833333333333,0.6260416666666667,0.6260416666666667,0.565625,0.6127314814814815,0.02093884034876076
2,1.761089351442125,0.16881495874127556,0.015035443835788302,0.0044928885330362146,100.0,linear,100000,,"{'C': 100.0, 'kernel': 'linear', 'max_iter': 100000}",0.7708333333333334,0.5041666666666667,0.6916666666666667,0.5,0.5,0.5,0.5,0.5041666666666667,0.8958333333333334,0.5962962962962962,0.14273081323950684,35,0.5916666666666667,0.6265625,0.5822916666666667,0.6265625,0.6255208333333333,0.6265625,0.6260416666666667,0.6260416666666667,0.565625,0.6107638888888889,0.022721177984698457
3,1.9095942974090576,0.2200904457244269,0.005627102322048611,0.0025707263173226367,10000.0,linear,100000,,"{'C': 10000.0, 'kernel': 'linear', 'max_iter': 100000}",0.7458333333333333,0.4666666666666667,0.6791666666666667,0.5,0.4875,0.49583333333333335,0.45,0.5083333333333333,0.9916666666666667,0.5916666666666666,0.17078251276599332,36,0.5963541666666666,0.5729166666666666,0.5661458333333333,0.6260416666666667,0.6151041666666667,0.625,0.5869791666666667,0.6057291666666667,0.5640625,0.5953703703703704,0.022913305262267127
4,1.7498544057210286,0.2559485370696731,0.0052606529659695095,0.001774434865368113,1000000.0,linear,100000,,"{'C': 1000000.0, 'kernel': 'linear', 'max_iter': 100000}",0.7458333333333333,0.4666666666666667,0.6791666666666667,0.5,0.4875,0.49583333333333335,0.45,0.5083333333333333,0.9916666666666667,0.5916666666666666,0.17078251276599332,36,0.5963541666666666,0.5729166666666666,0.5661458333333333,0.6260416666666667,0.6151041666666667,0.625,0.5869791666666667,0.6057291666666667,0.5640625,0.5953703703703704,0.022913305262267127
5,1.8291656706068251,0.3412552882885056,0.003968901104397244,0.0006053185236879582,100000000.0,linear,100000,,"{'C': 100000000.0, 'kernel': 'linear', 'max_iter': 100000}",0.7458333333333333,0.4666666666666667,0.6791666666666667,0.5,0.4875,0.49583333333333335,0.45,0.5083333333333333,0.9916666666666667,0.5916666666666666,0.17078251276599332,36,0.5963541666666666,0.5729166666666666,0.5661458333333333,0.6260416666666667,0.6151041666666667,0.625,0.5869791666666667,0.6057291666666667,0.5640625,0.5953703703703704,0.022913305262267127
6,1.7396756807963054,0.33092203268063664,0.0042523278130425345,0.0012288016679726167,10000000000.0,linear,100000,,"{'C': 10000000000.0, 'kernel': 'linear', 'max_iter': 100000}",0.7458333333333333,0.4666666666666667,0.6791666666666667,0.5,0.4875,0.49583333333333335,0.45,0.5083333333333333,0.9916666666666667,0.5916666666666666,0.17078251276599332,36,0.5963541666666666,0.5729166666666666,0.5661458333333333,0.6260416666666667,0.6151041666666667,0.625,0.5869791666666667,0.6057291666666667,0.5640625,0.5953703703703704,0.022913305262267127
7,0.15510182910495335,0.029239148498468256,0.03281339009602865,0.009047424543081242,0.01,rbf,100000,1e-09,"{'C': 0.01, 'gamma': 1e-09, 'kernel': 'rbf', 'max_iter': 100000}",0.75,0.5,0.75,0.5,0.5,0.5,0.5,0.5,1.0,0.6111111111111112,0.17123372230469378,1,0.59375,0.625,0.59375,0.625,0.625,0.625,0.625,0.625,0.5625,0.6111111111111112,0.021404215288086725
8,0.14761333995395237,0.02597801647876574,0.028642071617974177,0.00371950515090553,0.01,rbf,100000,1e-07,"{'C': 0.01, 'gamma': 1e-07, 'kernel': 'rbf', 'max_iter': 100000}",0.75,0.5,0.75,0.5,0.5,0.5,0.5,0.5,1.0,0.6111111111111112,0.17123372230469378,1,0.59375,0.625,0.59375,0.625,0.625,0.625,0.625,0.625,0.5625,0.6111111111111112,0.021404215288086725
9,0.150535609987047,0.032413949108276836,0.02899312973022461,0.005315244647270737,0.01,rbf,100000,1e-05,"{'C': 0.01, 'gamma': 1e-05, 'kernel': 'rbf', 'max_iter': 100000}",0.75,0.5,0.75,0.5,0.5,0.5,0.5,0.5,1.0,0.6111111111111112,0.17123372230469378,1,0.59375,0.625,0.59375,0.625,0.625,0.625,0.625,0.625,0.5625,0.6111111111111112,0.021404215288086725
10,0.18271202511257595,0.06737873468802086,0.03470296329922146,0.012827657768735323,0.01,rbf,100000,0.001,"{'C': 0.01, 'gamma': 0.001, 'kernel': 'rbf', 'max_iter': 100000}",0.75,0.5,0.75,0.5,0.5,0.5,0.5,0.5,1.0,0.6111111111111112,0.17123372230469378,1,0.59375,0.625,0.59375,0.625,0.625,0.625,0.625,0.625,0.5625,0.6111111111111112,0.021404215288086725
11,0.2010948657989502,0.034471796441866154,0.03451487753126356,0.006449842399168737,0.01,rbf,100000,0.1,"{'C': 0.01, 'gamma': 0.1, 'kernel': 'rbf', 'max_iter': 100000}",0.75,0.5,0.75,0.5,0.5,0.5,0.5,0.5,1.0,0.6111111111111112,0.17123372230469378,1,0.59375,0.625,0.59375,0.625,0.625,0.625,0.625,0.625,0.5625,0.6111111111111112,0.021404215288086725
12,0.23456448978847927,0.033075838674129464,0.04005988438924154,0.011259545445425645,0.01,rbf,100000,10.0,"{'C': 0.01, 'gamma': 10.0, 'kernel': 'rbf', 'max_iter': 100000}",0.75,0.5,0.75,0.5,0.5,0.5,0.5,0.5,1.0,0.6111111111111112,0.17123372230469378,1,0.59375,0.625,0.59375,0.625,0.625,0.625,0.625,0.625,0.5625,0.6111111111111112,0.021404215288086725
13,0.2591814200083415,0.05798318395569291,0.042806651857164174,0.007657516708300589,0.01,rbf,100000,1000.0,"{'C': 0.01, 'gamma': 1000.0, 'kernel': 'rbf', 'max_iter': 100000}",0.75,0.5,0.75,0.5,0.5,0.5,0.5,0.5,1.0,0.6111111111111112,0.17123372230469378,1,0.59375,0.625,0.59375,0.625,0.625,0.625,0.625,0.625,0.5625,0.6111111111111112,0.021404215288086725
14,0.15801355573866102,0.03945019994458864,0.0319820245107015,0.007113305118889068,1.0,rbf,100000,1e-09,"{'C': 1.0, 'gamma': 1e-09, 'kernel': 'rbf', 'max_iter': 100000}",0.75,0.5,0.75,0.5,0.5,0.5,0.5,0.5,1.0,0.6111111111111112,0.17123372230469378,1,0.59375,0.625,0.59375,0.625,0.625,0.625,0.625,0.625,0.5625,0.6111111111111112,0.021404215288086725
15,0.15008966128031412,0.02678618371916781,0.028803136613633897,0.004086303894194891,1.0,rbf,100000,1e-07,"{'C': 1.0, 'gamma': 1e-07, 'kernel': 'rbf', 'max_iter': 100000}",0.75,0.5,0.75,0.5,0.5,0.5,0.5,0.5,1.0,0.6111111111111112,0.17123372230469378,1,0.59375,0.625,0.59375,0.625,0.625,0.625,0.625,0.625,0.5625,0.6111111111111112,0.021404215288086725
16,0.1713508235083686,0.04024755244301489,0.03146391444736057,0.005778820081043801,1.0,rbf,100000,1e-05,"{'C': 1.0, 'gamma': 1e-05, 'kernel': 'rbf', 'max_iter': 100000}",0.75,0.5,0.75,0.5,0.5,0.5,0.5,0.5,1.0,0.6111111111111112,0.17123372230469378,1,0.59375,0.625,0.59375,0.625,0.625,0.625,0.625,0.625,0.5625,0.6111111111111112,0.021404215288086725
17,0.23255917761060926,0.03987442966355708,0.03198528289794922,0.006804191720003682,1.0,rbf,100000,0.001,"{'C': 1.0, 'gamma': 0.001, 'kernel': 'rbf', 'max_iter': 100000}",0.7416666666666667,0.5,0.75,0.5,0.5,0.49583333333333335,0.5,0.5,1.0,0.6097222222222222,0.1708051015515912,26,0.5963541666666666,0.6265625,0.5963541666666666,0.6276041666666666,0.6270833333333333,0.6276041666666666,0.6276041666666666,0.6265625,0.5651041666666666,0.6134259259259259,0.02122004767962074
18,0.22395793596903482,0.029845302195581902,0.03167555067274305,0.0032036100343732304,1.0,rbf,100000,0.1,"{'C': 1.0, 'gamma': 0.1, 'kernel': 'rbf', 'max_iter': 100000}",0.7166666666666667,0.5041666666666667,0.7166666666666667,0.49583333333333335,0.5,0.49583333333333335,0.5,0.49583333333333335,0.8875,0.5902777777777778,0.13774529186908263,41,0.6192708333333333,0.6364583333333333,0.6322916666666667,0.640625,0.6328125,0.6385416666666667,0.6375,0.6369791666666667,0.621875,0.6329282407407407,0.007068244489346685
19,0.31066907776726616,0.05500193602515386,0.04083715544806586,0.009612434639512767,1.0,rbf,100000,10.0,"{'C': 1.0, 'gamma': 10.0, 'kernel': 'rbf', 'max_iter': 100000}",0.75,0.5125,0.7416666666666667,0.5208333333333334,0.49583333333333335,0.5166666666666667,0.5,0.4875,0.9541666666666667,0.6087962962962963,0.15694376160673046,27,0.9989583333333333,0.9979166666666667,0.9989583333333333,0.9989583333333333,0.9989583333333333,0.9984375,0.9989583333333333,0.9984375,0.9994791666666667,0.9987847222222221,0.00042525863589985325
20,0.3182268937428792,0.07111498800127584,0.04570709334479438,0.010449606697058491,1.0,rbf,100000,1000.0,"{'C': 1.0, 'gamma': 1000.0, 'kernel': 'rbf', 'max_iter': 100000}",0.75,0.5,0.75,0.5,0.5,0.5,0.5,0.5,1.0,0.6111111111111112,0.17123372230469378,1,1.0,1.0,1.0,1.0,1.0,1.0,1.0,1.0,1.0,1.0,0.0
21,0.14751344256930882,0.023248584253123507,0.029845343695746526,0.0050474074252190824,100.0,rbf,100000,1e-09,"{'C': 100.0, 'gamma': 1e-09, 'kernel': 'rbf', 'max_iter': 100000}",0.75,0.5,0.75,0.5,0.5,0.5,0.5,0.5,1.0,0.6111111111111112,0.17123372230469378,1,0.59375,0.625,0.59375,0.625,0.625,0.625,0.625,0.625,0.5625,0.6111111111111112,0.021404215288086725
22,0.15689301490783691,0.027657692418384935,0.03032872411939833,0.007101885769015425,100.0,rbf,100000,1e-07,"{'C': 100.0, 'gamma': 1e-07, 'kernel': 'rbf', 'max_iter': 100000}",0.75,0.5,0.75,0.5,0.5,0.5,0.5,0.5,1.0,0.6111111111111112,0.17123372230469378,1,0.59375,0.625,0.59375,0.625,0.625,0.625,0.625,0.625,0.5625,0.6111111111111112,0.021404215288086725
23,0.2219764126671685,0.041217804904834426,0.028854661517673068,0.002776610954710202,100.0,rbf,100000,1e-05,"{'C': 100.0, 'gamma': 1e-05, 'kernel': 'rbf', 'max_iter': 100000}",0.75,0.5,0.75,0.5,0.5,0.5,0.5,0.5,1.0,0.6111111111111112,0.17123372230469378,1,0.5947916666666667,0.6255208333333333,0.5947916666666667,0.6260416666666667,0.6255208333333333,0.6260416666666667,0.6260416666666667,0.6260416666666667,0.5635416666666667,0.612037037037037,0.021330079635092047
24,0.39675354957580566,0.1351688327016447,0.03314012951321072,0.009229073456878617,100.0,rbf,100000,0.001,"{'C': 100.0, 'gamma': 0.001, 'kernel': 'rbf', 'max_iter': 100000}",0.7416666666666667,0.5041666666666667,0.75,0.5,0.5083333333333333,0.5,0.5,0.5041666666666667,0.9916666666666667,0.6111111111111112,0.16720976328633327,1,0.5994791666666667,0.6286458333333333,0.5989583333333334,0.6302083333333334,0.6291666666666667,0.6291666666666667,0.6291666666666667,0.6291666666666667,0.5682291666666667,0.6157986111111111,0.020817412898435538
25,0.5397241645389133,0.10416518846758341,0.03022570080227322,0.007610846734236683,100.0,rbf,100000,0.1,"{'C': 100.0, 'gamma': 0.1, 'kernel': 'rbf', 'max_iter': 100000}",0.6541666666666667,0.5333333333333333,0.5416666666666666,0.4875,0.4625,0.44166666666666665,0.5416666666666666,0.48333333333333334,0.7291666666666666,0.5416666666666667,0.08849740178929993,47,0.7255208333333333,0.746875,0.7432291666666667,0.75,0.7411458333333333,0.7359375,0.7333333333333333,0.7401041666666667,0.7307291666666667,0.7385416666666667,0.0074268227903498156
26,0.2980503771040175,0.07151176094287763,0.042445633146497935,0.011379134582805806,100.0,rbf,100000,10.0,"{'C': 100.0, 'gamma': 10.0, 'kernel': 'rbf', 'max_iter': 100000}",0.7291666666666666,0.5166666666666667,0.7166666666666667,0.525,0.4791666666666667,0.5166666666666667,0.49583333333333335,0.4875,0.9125,0.5976851851851852,0.14357525760149648,29,1.0,1.0,1.0,1.0,1.0,1.0,1.0,1.0,1.0,1.0,0.0
27,0.2633987002902561,0.07138489442231813,0.04227537579006619,0.003679036459400707,100.0,rbf,100000,1000.0,"{'C': 100.0, 'gamma': 1000.0, 'kernel': 'rbf', 'max_iter': 100000}",0.75,0.5,0.75,0.5,0.5,0.5,0.5,0.5,1.0,0.6111111111111112,0.17123372230469378,1,1.0,1.0,1.0,1.0,1.0,1.0,1.0,1.0,1.0,1.0,0.0
28,0.17854083908928764,0.038317793103198355,0.030601527955796983,0.005922723763890606,10000.0,rbf,100000,1e-09,"{'C': 10000.0, 'gamma': 1e-09, 'kernel': 'rbf', 'max_iter': 100000}",0.75,0.5,0.75,0.5,0.5,0.5,0.5,0.5,1.0,0.6111111111111112,0.17123372230469378,1,0.59375,0.625,0.59375,0.625,0.625,0.625,0.625,0.625,0.5625,0.6111111111111112,0.021404215288086725
29,0.23130753305223253,0.05488709722684183,0.03166829215155707,0.00444130544350521,10000.0,rbf,100000,1e-07,"{'C': 10000.0, 'gamma': 1e-07, 'kernel': 'rbf', 'max_iter': 100000}",0.75,0.5,0.75,0.5,0.5,0.5,0.5,0.5,1.0,0.6111111111111112,0.17123372230469378,1,0.5947916666666667,0.6255208333333333,0.5947916666666667,0.6260416666666667,0.6255208333333333,0.6260416666666667,0.6260416666666667,0.6260416666666667,0.5635416666666667,0.612037037037037,0.021330079635092047
30,0.49650687641567653,0.13147227354325736,0.03113026089138455,0.007104829831256452,10000.0,rbf,100000,1e-05,"{'C': 10000.0, 'gamma': 1e-05, 'kernel': 'rbf', 'max_iter': 100000}",0.7458333333333333,0.5041666666666667,0.75,0.5,0.5041666666666667,0.49583333333333335,0.5,0.5,1.0,0.6111111111111112,0.170579079087156,1,0.5973958333333333,0.628125,0.5973958333333333,0.6286458333333333,0.6276041666666666,0.6286458333333333,0.628125,0.6276041666666666,0.5661458333333333,0.6144097222222222,0.0211819785496487
31,1.0964455604553223,0.35309366582191415,0.030802673763699003,0.005996417787449678,10000.0,rbf,100000,0.001,"{'C': 10000.0, 'gamma': 0.001, 'kernel': 'rbf', 'max_iter': 100000}",0.7291666666666666,0.5083333333333333,0.7208333333333333,0.49583333333333335,0.5083333333333333,0.5041666666666667,0.5,0.5208333333333334,0.8916666666666667,0.5976851851851852,0.1371996032740108,29,0.6078125,0.6375,0.6114583333333333,0.6385416666666667,0.6338541666666667,0.6375,0.6364583333333333,0.6369791666666667,0.5963541666666666,0.6262731481481482,0.01539786905940705
32,2.4101890193091497,0.5371839497583553,0.03394537501864963,0.005268355573268251,10000.0,rbf,100000,0.1,"{'C': 10000.0, 'gamma': 0.1, 'kernel': 'rbf', 'max_iter': 100000}",0.5125,0.5666666666666667,0.5291666666666667,0.5291666666666667,0.5375,0.5291666666666667,0.5458333333333333,0.4708333333333333,0.5958333333333333,0.5351851851851852,0.032578911269924404,53,0.746875,0.7088541666666667,0.6640625,0.6744791666666666,0.7166666666666667,0.7052083333333333,0.7604166666666666,0.725,0.6421875,0.7048611111111112,0.036405384831822415
33,0.24951042069329155,0.0030440028740536026,0.037422736485799156,0.0049980238737338915,10000.0,rbf,100000,10.0,"{'C': 10000.0, 'gamma': 10.0, 'kernel': 'rbf', 'max_iter': 100000}",0.7291666666666666,0.5166666666666667,0.7166666666666667,0.525,0.4791666666666667,0.5166666666666667,0.49583333333333335,0.4875,0.9125,0.5976851851851852,0.14357525760149648,29,1.0,1.0,1.0,1.0,1.0,1.0,1.0,1.0,1.0,1.0,0.0
34,0.2618763976626926,0.05655111179811856,0.04499106936984592,0.007029306355686095,10000.0,rbf,100000,1000.0,"{'C': 10000.0, 'gamma': 1000.0, 'kernel': 'rbf', 'max_iter': 100000}",0.75,0.5,0.75,0.5,0.5,0.5,0.5,0.5,1.0,0.6111111111111112,0.17123372230469378,1,1.0,1.0,1.0,1.0,1.0,1.0,1.0,1.0,1.0,1.0,0.0
35,0.15265952216254342,0.04895227300237649,0.027981042861938477,0.005558054025028647,1000000.0,rbf,100000,1e-09,"{'C': 1000000.0, 'gamma': 1e-09, 'kernel': 'rbf', 'max_iter': 100000}",0.30833333333333335,0.49583333333333335,0.4041666666666667,0.5,0.4666666666666667,0.5125,0.5,0.5291666666666667,0.016666666666666666,0.4148148148148148,0.15504767176988501,54,0.490625,0.3885416666666667,0.47552083333333334,0.40572916666666664,0.5786458333333333,0.4,0.3885416666666667,0.43020833333333336,0.4734375,0.4479166666666667,0.059411538464996645
36,0.20174823866950142,0.005678349396715339,0.027915477752685547,0.004054768384375218,1000000.0,rbf,100000,1e-07,"{'C': 1000000.0, 'gamma': 1e-07, 'kernel': 'rbf', 'max_iter': 100000}",0.7333333333333333,0.5083333333333333,0.7416666666666667,0.5041666666666667,0.5,0.5,0.5041666666666667,0.5083333333333333,0.8833333333333333,0.5981481481481481,0.13875147523283018,28,0.590625,0.6291666666666667,0.5984375,0.6270833333333333,0.628125,0.6286458333333333,0.6286458333333333,0.6276041666666666,0.5833333333333334,0.6157407407407408,0.018001685425398564
37,0.8144900798797607,0.20034470393418155,0.02992182307773166,0.006453641910517355,1000000.0,rbf,100000,1e-05,"{'C': 1000000.0, 'gamma': 1e-05, 'kernel': 'rbf', 'max_iter': 100000}",0.7208333333333333,0.5125,0.6833333333333333,0.49166666666666664,0.5083333333333333,0.5166666666666667,0.5083333333333333,0.5083333333333333,0.875,0.5916666666666666,0.12827499876687576,36,0.5984375,0.6348958333333333,0.6119791666666666,0.6338541666666667,0.6291666666666667,0.6348958333333333,0.6328125,0.6348958333333333,0.5864583333333333,0.6219328703703704,0.017405229436739476
38,2.2112061182657876,0.1813562424958583,0.03204205301072863,0.0020510393275290123,1000000.0,rbf,100000,0.001,"{'C': 1000000.0, 'gamma': 0.001, 'kernel': 'rbf', 'max_iter': 100000}",0.5666666666666667,0.5375,0.4791666666666667,0.5125,0.5166666666666667,0.5458333333333333,0.4791666666666667,0.4791666666666667,0.75,0.5407407407407407,0.07975603661936242,48,0.5348958333333333,0.5255208333333333,0.4979166666666667,0.5458333333333333,0.5817708333333333,0.553125,0.5395833333333333,0.5036458333333333,0.5479166666666667,0.5366898148148148,0.024137703038822848
39,2.4269679387410483,0.29715646104963866,0.03639788097805447,0.01139037668396797,1000000.0,rbf,100000,0.1,"{'C': 1000000.0, 'gamma': 0.1, 'kernel': 'rbf', 'max_iter': 100000}",0.575,0.49583333333333335,0.5375,0.5083333333333333,0.625,0.5541666666666667,0.525,0.5166666666666667,0.4875,0.5361111111111111,0.0408248290463863,50,0.5677083333333334,0.6833333333333333,0.6015625,0.6947916666666667,0.615625,0.5942708333333333,0.6088541666666667,0.6432291666666666,0.6067708333333334,0.6240162037037037,0.03951660771960689
40,0.29404759407043457,0.052847393048854774,0.042849222819010414,0.012006483267034017,1000000.0,rbf,100000,10.0,"{'C': 1000000.0, 'gamma': 10.0, 'kernel': 'rbf', 'max_iter': 100000}",0.7291666666666666,0.5166666666666667,0.7166666666666667,0.525,0.4791666666666667,0.5166666666666667,0.49583333333333335,0.4875,0.9125,0.5976851851851852,0.14357525760149648,29,1.0,1.0,1.0,1.0,1.0,1.0,1.0,1.0,1.0,1.0,0.0
41,0.2395561006334093,0.015154949440458766,0.03926767243279351,0.0006890747919315558,1000000.0,rbf,100000,1000.0,"{'C': 1000000.0, 'gamma': 1000.0, 'kernel': 'rbf', 'max_iter': 100000}",0.75,0.5,0.75,0.5,0.5,0.5,0.5,0.5,1.0,0.6111111111111112,0.17123372230469378,1,1.0,1.0,1.0,1.0,1.0,1.0,1.0,1.0,1.0,1.0,0.0
42,0.13902510537041557,0.06040556191114535,0.019421524471706815,0.004886827427310504,100000000.0,rbf,100000,1e-09,"{'C': 100000000.0, 'gamma': 1e-09, 'kernel': 'rbf', 'max_iter': 100000}",0.25833333333333336,0.5,0.25416666666666665,0.5041666666666667,0.5416666666666666,0.5041666666666667,0.49583333333333335,0.4791666666666667,0.016666666666666666,0.39490740740740743,0.168414192371201,55,0.40572916666666664,0.37552083333333336,0.40572916666666664,0.37604166666666666,0.3776041666666667,0.38697916666666665,0.37604166666666666,0.3796875,0.44114583333333335,0.3916087962962963,0.020965214009733762
43,0.23063739140828451,0.05137846159036278,0.02159028583102756,0.005085444376770702,100000000.0,rbf,100000,1e-07,"{'C': 100000000.0, 'gamma': 1e-07, 'kernel': 'rbf', 'max_iter': 100000}",0.7166666666666667,0.5083333333333333,0.7375,0.49583333333333335,0.5,0.49166666666666664,0.5,0.5,0.7875,0.5819444444444444,0.1181943628410738,42,0.6015625,0.621875,0.5947916666666667,0.6291666666666667,0.6270833333333333,0.621875,0.6276041666666666,0.6270833333333333,0.58125,0.6146990740740741,0.01657741179148267
44,1.1673110591040716,0.2615272681226902,0.02194878790113661,0.0042526978471076424,100000000.0,rbf,100000,1e-05,"{'C': 100000000.0, 'gamma': 1e-05, 'kernel': 'rbf', 'max_iter': 100000}",0.6375,0.5541666666666667,0.5541666666666667,0.5083333333333333,0.4666666666666667,0.5291666666666667,0.5625,0.4625,0.5833333333333334,0.5398148148148147,0.052488649240000254,49,0.5963541666666666,0.6026041666666667,0.6083333333333333,0.6182291666666667,0.6286458333333333,0.6322916666666667,0.6296875,0.6078125,0.5755208333333334,0.6110532407407407,0.01740753823089138
45,2.2607887056138782,0.3524265508674862,0.03232818179660373,0.0031931945566922035,100000000.0,rbf,100000,0.001,"{'C': 100000000.0, 'gamma': 0.001, 'kernel': 'rbf', 'max_iter': 100000}",0.6458333333333334,0.5875,0.5083333333333333,0.44583333333333336,0.5458333333333333,0.5333333333333333,0.525,0.5,0.65,0.549074074074074,0.06376127889143267,45,0.5171875,0.5598958333333334,0.5192708333333333,0.5583333333333333,0.5145833333333333,0.528125,0.5489583333333333,0.58125,0.5135416666666667,0.5379050925925927,0.02336057047678174
46,2.502904176712036,0.5492031106160794,0.03478778733147515,0.007055702510147417,100000000.0,rbf,100000,0.1,"{'C': 100000000.0, 'gamma': 0.1, 'kernel': 'rbf', 'max_iter': 100000}",0.575,0.49583333333333335,0.5375,0.5083333333333333,0.625,0.5541666666666667,0.525,0.5166666666666667,0.4875,0.5361111111111111,0.0408248290463863,50,0.5677083333333334,0.6833333333333333,0.6015625,0.6947916666666667,0.615625,0.5942708333333333,0.6088541666666667,0.6432291666666666,0.6067708333333334,0.6240162037037037,0.03951660771960689
47,0.24628893534342447,0.004255904963767848,0.03484694163004557,0.0009988050234707093,100000000.0,rbf,100000,10.0,"{'C': 100000000.0, 'gamma': 10.0, 'kernel': 'rbf', 'max_iter': 100000}",0.7291666666666666,0.5166666666666667,0.7166666666666667,0.525,0.4791666666666667,0.5166666666666667,0.49583333333333335,0.4875,0.9125,0.5976851851851852,0.14357525760149648,29,1.0,1.0,1.0,1.0,1.0,1.0,1.0,1.0,1.0,1.0,0.0
48,0.2415088282691108,0.015551401265069178,0.039909177356296115,0.0016822396689174744,100000000.0,rbf,100000,1000.0,"{'C': 100000000.0, 'gamma': 1000.0, 'kernel': 'rbf', 'max_iter': 100000}",0.75,0.5,0.75,0.5,0.5,0.5,0.5,0.5,1.0,0.6111111111111112,0.17123372230469378,1,1.0,1.0,1.0,1.0,1.0,1.0,1.0,1.0,1.0,1.0,0.0
49,0.1162140899234348,0.02916098611541469,0.017895301183064777,0.004586737134887453,10000000000.0,rbf,100000,1e-09,"{'C': 10000000000.0, 'gamma': 1e-09, 'kernel': 'rbf', 'max_iter': 100000}",0.25833333333333336,0.5,0.25416666666666665,0.5041666666666667,0.5375,0.5041666666666667,0.49583333333333335,0.48333333333333334,0.016666666666666666,0.3949074074074074,0.16825376027407196,56,0.40520833333333334,0.37447916666666664,0.40572916666666664,0.375,0.3776041666666667,0.38697916666666665,0.37552083333333336,0.3796875,0.44114583333333335,0.3912615740740741,0.02114748354058826
50,0.23439878887600368,0.05074600317669266,0.023022174835205078,0.006383965941695755,10000000000.0,rbf,100000,1e-07,"{'C': 10000000000.0, 'gamma': 1e-07, 'kernel': 'rbf', 'max_iter': 100000}",0.725,0.49583333333333335,0.725,0.4875,0.48333333333333334,0.5,0.5083333333333333,0.49583333333333335,0.7583333333333333,0.5754629629629631,0.11415018204259093,43,0.6,0.6234375,0.5989583333333334,0.6276041666666666,0.6276041666666666,0.6265625,0.621875,0.6229166666666667,0.5802083333333333,0.6143518518518518,0.016060878480279303
51,1.14340959654914,0.0666057475177148,0.01871503723992242,0.0007306822380020346,10000000000.0,rbf,100000,1e-05,"{'C': 10000000000.0, 'gamma': 1e-05, 'kernel': 'rbf', 'max_iter': 100000}",0.6416666666666667,0.5791666666666667,0.55,0.5125,0.4666666666666667,0.6,0.5625,0.48333333333333334,0.6041666666666666,0.5555555555555556,0.05513731455910892,44,0.6072916666666667,0.6166666666666667,0.609375,0.6161458333333333,0.6328125,0.6,0.6171875,0.6208333333333333,0.5708333333333333,0.6101273148148147,0.016374963023131277
52,2.602037403318617,0.5744933729257236,0.03797851668463813,0.010711122760228004,10000000000.0,rbf,100000,0.001,"{'C': 10000000000.0, 'gamma': 0.001, 'kernel': 'rbf', 'max_iter': 100000}",0.6458333333333334,0.5875,0.5083333333333333,0.44583333333333336,0.5458333333333333,0.5333333333333333,0.525,0.5,0.65,0.549074074074074,0.06376127889143267,45,0.5171875,0.5598958333333334,0.5192708333333333,0.5583333333333333,0.5145833333333333,0.528125,0.5489583333333333,0.58125,0.5135416666666667,0.5379050925925927,0.02336057047678174
53,2.14386084344652,0.04034242051959675,0.027289761437310114,0.00505578735156467,10000000000.0,rbf,100000,0.1,"{'C': 10000000000.0, 'gamma': 0.1, 'kernel': 'rbf', 'max_iter': 100000}",0.575,0.49583333333333335,0.5375,0.5083333333333333,0.625,0.5541666666666667,0.525,0.5166666666666667,0.4875,0.5361111111111111,0.0408248290463863,50,0.5677083333333334,0.6833333333333333,0.6015625,0.6947916666666667,0.615625,0.5942708333333333,0.6088541666666667,0.6432291666666666,0.6067708333333334,0.6240162037037037,0.03951660771960689
54,0.266412893931071,0.03541981794995059,0.03816268179151747,0.007093762276274902,10000000000.0,rbf,100000,10.0,"{'C': 10000000000.0, 'gamma': 10.0, 'kernel': 'rbf', 'max_iter': 100000}",0.7291666666666666,0.5166666666666667,0.7166666666666667,0.525,0.4791666666666667,0.5166666666666667,0.49583333333333335,0.4875,0.9125,0.5976851851851852,0.14357525760149648,29,1.0,1.0,1.0,1.0,1.0,1.0,1.0,1.0,1.0,1.0,0.0
55,0.2907123300764296,0.04153655054103347,0.04337959819369846,0.006679598124521528,10000000000.0,rbf,100000,1000.0,"{'C': 10000000000.0, 'gamma': 1000.0, 'kernel': 'rbf', 'max_iter': 100000}",0.75,0.5,0.75,0.5,0.5,0.5,0.5,0.5,1.0,0.6111111111111112,0.17123372230469378,1,1.0,1.0,1.0,1.0,1.0,1.0,1.0,1.0,1.0,1.0,0.0
